&curvatureinfo nk =     80, &end
  2.000000000000   2.000000000000   2.000000000000
  2.000000000000   2.000000000000   2.000000000000
  2.000000000000   2.000000000000   2.000000000000
  2.000000000000   2.000000000000   2.000000000000
  2.000000000000   2.000000000000   2.000000000000
  2.000000000000   2.000000000000   2.000000000000
  2.000000000000   2.000000000000   2.000000000000
  2.000000000000   2.000000000000   2.000000000000
  2.000000000000   2.000000000000   2.000000000000
  2.000000000000   2.000000000000   2.000000000000
  2.000000000000   2.000000000000   2.000000000000
  2.000000000000   2.000000000000   2.000000000000
  2.000000000000   2.000000000000   2.000000000000
  2.000000000000   2.000000000000   2.000000000000
  2.000000000000   2.000000000000   2.000000000000
  2.000000000000   2.000000000000   2.000000000000
  2.000000000000   2.000000000000   2.000000000000
  2.000000000000   2.000000000000   2.000000000000
  2.000000000000   2.000000000000   2.000000000000
  2.000000000000   2.000000000000   2.000000000000
  2.000000000000   2.000000000000   2.000000000000
  2.000000000000   2.000000000000   2.000000000000
  2.000000000000   2.000000000000   2.000000000000
  2.000000000000   2.000000000000   2.000000000000
  2.000000000000   2.000000000000   2.000000000000
  2.000000000000   2.000000000000   2.000000000000
  2.000000000000   2.000000000000   2.000000000000
  2.000000000000   2.000000000000   2.000000000000
  2.000000000000   2.000000000000   2.000000000000
  2.000000000000   2.000000000000   2.000000000000
  2.000000000000   2.000000000000   2.000000000000
  2.000000000000   2.000000000000   2.000000000000
  2.000000000000   2.000000000000   2.000000000000
  2.000000000000   2.000000000000   2.000000000000
  2.000000000000   2.000000000000   2.000000000000
  2.000000000000   2.000000000000   2.000000000000
  2.000000000000   2.000000000000   2.000000000000
  2.000000000000   2.000000000000   2.000000000000
  2.000000000000   2.000000000000   2.000000000000
  2.000000000000   2.000000000000   2.000000000000
  2.000000000000   2.000000000000   2.000000000000
  2.000000000000   2.000000000000   2.000000000000
  2.000000000000   2.000000000000   2.000000000000
  2.000000000000   2.000000000000   2.000000000000
  2.000000000000   2.000000000000   2.000000000000
  2.000000000000   2.000000000000   2.000000000000
  2.000000000000   2.000000000000   2.000000000000
  2.000000000000   2.000000000000   2.000000000000
  2.000000000000   2.000000000000   2.000000000000
  2.000000000000   2.000000000000   2.000000000000
  2.000000000000   2.000000000000   2.000000000000
  2.000000000000   2.000000000000   2.000000000000
  2.000000000000   2.000000000000   2.000000000000
  2.000000000000   2.000000000000   2.000000000000
  2.000000000000   2.000000000000   2.000000000000
  2.000000000000   2.000000000000   2.000000000000
  2.000000000000   2.000000000000   2.000000000000
  2.000000000000   2.000000000000   2.000000000000
  2.000000000000   2.000000000000   2.000000000000
  2.000000000000   2.000000000000   2.000000000000
  2.000000000000   2.000000000000   2.000000000000
  2.000000000000   2.000000000000   2.000000000000
  2.000000000000   2.000000000000   2.000000000000
  2.000000000000   2.000000000000   2.000000000000
  2.000000000000   2.000000000000   2.000000000000
  2.000000000000   2.000000000000   2.000000000000
  2.000000000000   2.000000000000   2.000000000000
  2.000000000000   2.000000000000   2.000000000000
  2.000000000000   2.000000000000   2.000000000000
  2.000000000000   2.000000000000   2.000000000000
  2.000000000000   2.000000000000   2.000000000000
  2.000000000000   2.000000000000   2.000000000000
  2.000000000000   2.000000000000   2.000000000000
  2.000000000000   2.000000000000   2.000000000000
  2.000000000000   2.000000000000   2.000000000000
  2.000000000000   2.000000000000   2.000000000000
  2.000000000000   2.000000000000   2.000000000000
  2.000000000000   2.000000000000   2.000000000000
  2.000000000000   2.000000000000   2.000000000000
  2.000000000000   2.000000000000   2.000000000000
