&panelinfo npanel = 80, npoint = 3, h=  0.309016994375, &end
     1     13     16
     4     33     13
     9     16     33
    13     33     16
     1     14     15
     5     34     14
     8     15     34
    14     34     15
     1     15     17
     8     35     15
    10     17     35
    15     35     17
     1     16     14
     9     29     16
     5     14     29
    16     29     14
     1     17     13
    10     28     17
     4     13     28
    17     28     13
     2     18     21
     3     36     18
    11     21     36
    18     36     21
     2     19     22
     5     37     19
    12     22     37
    19     37     22
     2     20     19
     8     34     20
     5     19     34
    20     34     19
     2     21     20
    11     32     21
     8     20     32
    21     32     20
     2     22     18
    12     25     22
     3     18     25
    22     25     18
     3     23     24
     6     38     23
     7     24     38
    23     38     24
     3     24     36
     7     39     24
    11     36     39
    24     39     36
     3     25     23
    12     30     25
     6     23     30
    25     30     23
     4     26     33
     6     40     26
     9     33     40
    26     40     33
     4     27     26
     7     38     27
     6     26     38
    27     38     26
     4     28     27
    10     31     28
     7     27     31
    28     31     27
     5     29     37
     9     41     29
    12     37     41
    29     41     37
     6     30     40
    12     41     30
     9     40     41
    30     41     40
     7     31     39
    10     42     31
    11     39     42
    31     42     39
     8     32     35
    11     42     32
    10     35     42
    32     42     35
