&panelinfo npanel =   1280, npoint =      3, h=  0.164647160064 &end
     1    163    211
    43    483    163
    55    211    483
   163    483    211
    13    164    229
   123    166    164
    43    229    166
   164    166    229
    16    165    177
    55    484    165
   123    177    484
   165    484    177
    43    166    483
   123    484    166
    55    483    484
   166    484    483
     4    167    235
    44    485    167
    61    235    485
   167    485    235
    33    168    373
    46    170    168
    44    373    170
   168    170    373
    13    169    175
    61    486    169
    46    175    486
   169    486    175
    44    170    485
    46    486    170
    61    485    486
   170    486    485
     9    171    379
    45    487    171
    97    379    487
   171    487    379
    16    172    217
   124    174    172
    45    217    174
   172    174    217
    33    173    176
    97    488    173
   124    176    488
   173    488    176
    45    174    487
   124    488    174
    97    487    488
   174    488    487
    13    175    164
    46    489    175
   123    164    489
   175    489    164
    33    176    168
   124    178    176
    46    168    178
   176    178    168
    16    177    172
   123    490    177
   124    172    490
   177    490    172
    46    178    489
   124    490    178
   123    489    490
   178    490    489
     1    179    195
    47    491    179
    51    195    491
   179    491    195
    14    180    213
   125    182    180
    47    213    182
   180    182    213
    15    181    193
    51    492    181
   125    193    492
   181    492    193
    47    182    491
   125    492    182
    51    491    492
   182    492    491
     5    183    219
    48    493    183
    57    219    493
   183    493    219
    34    184    285
    50    186    184
    48    285    186
   184    186    285
    14    185    191
    57    494    185
    50    191    494
   185    494    191
    48    186    493
    50    494    186
    57    493    494
   186    494    493
     8    187    279
    49    495    187
    72    279    495
   187    495    279
    15    188    201
   126    190    188
    49    201    190
   188    190    201
    34    189    192
    72    496    189
   126    192    496
   189    496    192
    49    190    495
   126    496    190
    72    495    496
   190    496    495
    14    191    180
    50    497    191
   125    180    497
   191    497    180
    34    192    184
   126    194    192
    50    184    194
   192    194    184
    15    193    188
   125    498    193
   126    188    498
   193    498    188
    50    194    497
   126    498    194
   125    497    498
   194    498    497
     1    195    227
    51    499    195
    59    227    499
   195    499    227
    15    196    181
   127    198    196
    51    181    198
   196    198    181
    17    197    209
    59    500    197
   127    209    500
   197    500    209
    51    198    499
   127    500    198
    59    499    500
   198    500    499
     8    199    187
    52    501    199
    49    187    501
   199    501    187
    35    200    469
    54    202    200
    52    469    202
   200    202    469
    15    201    207
    49    502    201
    54    207    502
   201    502    207
    52    202    501
    54    502    202
    49    501    502
   202    502    501
    10    203    475
    53    503    203
   121    475    503
   203    503    475
    17    204    233
   128    206    204
    53    233    206
   204    206    233
    35    205    208
   121    504    205
   128    208    504
   205    504    208
    53    206    503
   128    504    206
   121    503    504
   206    504    503
    15    207    196
    54    505    207
   127    196    505
   207    505    196
    35    208    200
   128    210    208
    54    200    210
   208    210    200
    17    209    204
   127    506    209
   128    204    506
   209    506    204
    54    210    505
   128    506    210
   127    505    506
   210    506    505
     1    211    179
    55    507    211
    47    179    507
   211    507    179
    16    212    165
   129    214    212
    55    165    214
   212    214    165
    14    213    225
    47    508    213
   129    225    508
   213    508    225
    55    214    507
   129    508    214
    47    507    508
   214    508    507
     9    215    171
    56    509    215
    45    171    509
   215    509    171
    29    216    425
    58    218    216
    56    425    218
   216    218    425
    16    217    223
    45    510    217
    58    223    510
   217    510    223
    56    218    509
    58    510    218
    45    509    510
   218    510    509
     5    219    419
    57    511    219
   107    419    511
   219    511    419
    14    220    185
   130    222    220
    57    185    222
   220    222    185
    29    221    224
   107    512    221
   130    224    512
   221    512    224
    57    222    511
   130    512    222
   107    511    512
   222    512    511
    16    223    212
    58    513    223
   129    212    513
   223    513    212
    29    224    216
   130    226    224
    58    216    226
   224    226    216
    14    225    220
   129    514    225
   130    220    514
   225    514    220
    58    226    513
   130    514    226
   129    513    514
   226    514    513
     1    227    163
    59    515    227
    43    163    515
   227    515    163
    17    228    197
   131    230    228
    59    197    230
   228    230    197
    13    229    241
    43    516    229
   131    241    516
   229    516    241
    59    230    515
   131    516    230
    43    515    516
   230    516    515
    10    231    203
    60    517    231
    53    203    517
   231    517    203
    28    232    409
    62    234    232
    60    409    234
   232    234    409
    17    233    239
    53    518    233
    62    239    518
   233    518    239
    60    234    517
    62    518    234
    53    517    518
   234    518    517
     4    235    403
    61    519    235
   103    403    519
   235    519    403
    13    236    169
   132    238    236
    61    169    238
   236    238    169
    28    237    240
   103    520    237
   132    240    520
   237    520    240
    61    238    519
   132    520    238
   103    519    520
   238    520    519
    17    239    228
    62    521    239
   131    228    521
   239    521    228
    28    240    232
   132    242    240
    62    232    242
   240    242    232
    13    241    236
   131    522    241
   132    236    522
   241    522    236
    62    242    521
   132    522    242
   131    521    522
   242    522    521
     2    243    291
    63    523    243
    75    291    523
   243    523    291
    18    244    309
   133    246    244
    63    309    246
   244    246    309
    21    245    257
    75    524    245
   133    257    524
   245    524    257
    63    246    523
   133    524    246
    75    523    524
   246    524    523
     3    247    315
    64    525    247
    81    315    525
   247    525    315
    36    248    341
    66    250    248
    64    341    250
   248    250    341
    18    249    255
    81    526    249
    66    255    526
   249    526    255
    64    250    525
    66    526    250
    81    525    526
   250    526    525
    11    251    347
    65    527    251
    89    347    527
   251    527    347
    21    252    297
   134    254    252
    65    297    254
   252    254    297
    36    253    256
    89    528    253
   134    256    528
   253    528    256
    65    254    527
   134    528    254
    89    527    528
   254    528    527
    18    255    244
    66    529    255
   133    244    529
   255    529    244
    36    256    248
   134    258    256
    66    248    258
   256    258    248
    21    257    252
   133    530    257
   134    252    530
   257    530    252
    66    258    529
   134    530    258
   133    529    530
   258    530    529
     2    259    307
    67    531    259
    79    307    531
   259    531    307
    19    260    277
   135    262    260
    67    277    262
   260    262    277
    22    261    273
    79    532    261
   135    273    532
   261    532    273
    67    262    531
   135    532    262
    79    531    532
   262    532    531
     5    263    283
    68    533    263
    73    283    533
   263    533    283
    37    264    421
    70    266    264
    68    421    266
   264    266    421
    19    265    271
    73    534    265
    70    271    534
   265    534    271
    68    266    533
    70    534    266
    73    533    534
   266    534    533
    12    267    427
    69    535    267
   109    427    535
   267    535    427
    22    268    313
   136    270    268
    69    313    270
   268    270    313
    37    269    272
   109    536    269
   136    272    536
   269    536    272
    69    270    535
   136    536    270
   109    535    536
   270    536    535
    19    271    260
    70    537    271
   135    260    537
   271    537    260
    37    272    264
   136    274    272
    70    264    274
   272    274    264
    22    273    268
   135    538    273
   136    268    538
   273    538    268
    70    274    537
   136    538    274
   135    537    538
   274    538    537
     2    275    259
    71    539    275
    67    259    539
   275    539    259
    20    276    293
   137    278    276
    71    293    278
   276    278    293
    19    277    289
    67    540    277
   137    289    540
   277    540    289
    71    278    539
   137    540    278
    67    539    540
   278    540    539
     8    279    299
    72    541    279
    77    299    541
   279    541    299
    34    280    189
    74    282    280
    72    189    282
   280    282    189
    20    281    287
    77    542    281
    74    287    542
   281    542    287
    72    282    541
    74    542    282
    77    541    542
   282    542    541
     5    283    183
    73    543    283
    48    183    543
   283    543    183
    19    284    265
   138    286    284
    73    265    286
   284    286    265
    34    285    288
    48    544    285
   138    288    544
   285    544    288
    73    286    543
   138    544    286
    48    543    544
   286    544    543
    20    287    276
    74    545    287
   137    276    545
   287    545    276
    34    288    280
   138    290    288
    74    280    290
   288    290    280
    19    289    284
   137    546    289
   138    284    546
   289    546    284
    74    290    545
   138    546    290
   137    545    546
   290    546    545
     2    291    275
    75    547    291
    71    275    547
   291    547    275
    21    292    245
   139    294    292
    75    245    294
   292    294    245
    20    293    305
    71    548    293
   139    305    548
   293    548    305
    75    294    547
   139    548    294
    71    547    548
   294    548    547
    11    295    251
    76    549    295
    65    251    549
   295    549    251
    32    296    473
    78    298    296
    76    473    298
   296    298    473
    21    297    303
    65    550    297
    78    303    550
   297    550    303
    76    298    549
    78    550    298
    65    549    550
   298    550    549
     8    299    467
    77    551    299
   119    467    551
   299    551    467
    20    300    281
   140    302    300
    77    281    302
   300    302    281
    32    301    304
   119    552    301
   140    304    552
   301    552    304
    77    302    551
   140    552    302
   119    551    552
   302    552    551
    21    303    292
    78    553    303
   139    292    553
   303    553    292
    32    304    296
   140    306    304
    78    296    306
   304    306    296
    20    305    300
   139    554    305
   140    300    554
   305    554    300
    78    306    553
   140    554    306
   139    553    554
   306    554    553
     2    307    243
    79    555    307
    63    243    555
   307    555    243
    22    308    261
   141    310    308
    79    261    310
   308    310    261
    18    309    321
    63    556    309
   141    321    556
   309    556    321
    79    310    555
   141    556    310
    63    555    556
   310    556    555
    12    311    267
    80    557    311
    69    267    557
   311    557    267
    25    312    361
    82    314    312
    80    361    314
   312    314    361
    22    313    319
    69    558    313
    82    319    558
   313    558    319
    80    314    557
    82    558    314
    69    557    558
   314    558    557
     3    315    355
    81    559    315
    91    355    559
   315    559    355
    18    316    249
   142    318    316
    81    249    318
   316    318    249
    25    317    320
    91    560    317
   142    320    560
   317    560    320
    81    318    559
   142    560    318
    91    559    560
   318    560    559
    22    319    308
    82    561    319
   141    308    561
   319    561    308
    25    320    312
   142    322    320
    82    312    322
   320    322    312
    18    321    316
   141    562    321
   142    316    562
   321    562    316
    82    322    561
   142    562    322
   141    561    562
   322    562    561
     3    323    339
    83    563    323
    87    339    563
   323    563    339
    23    324    357
   143    326    324
    83    357    326
   324    326    357
    24    325    337
    87    564    325
   143    337    564
   325    564    337
    83    326    563
   143    564    326
    87    563    564
   326    564    563
     6    327    363
    84    565    327
    93    363    565
   327    565    363
    38    328    397
    86    330    328
    84    397    330
   328    330    397
    23    329    335
    93    566    329
    86    335    566
   329    566    335
    84    330    565
    86    566    330
    93    565    566
   330    566    565
     7    331    391
    85    567    331
   100    391    567
   331    567    391
    24    332    345
   144    334    332
    85    345    334
   332    334    345
    38    333    336
   100    568    333
   144    336    568
   333    568    336
    85    334    567
   144    568    334
   100    567    568
   334    568    567
    23    335    324
    86    569    335
   143    324    569
   335    569    324
    38    336    328
   144    338    336
    86    328    338
   336    338    328
    24    337    332
   143    570    337
   144    332    570
   337    570    332
    86    338    569
   144    570    338
   143    569    570
   338    570    569
     3    339    247
    87    571    339
    64    247    571
   339    571    247
    24    340    325
   145    342    340
    87    325    342
   340    342    325
    36    341    353
    64    572    341
   145    353    572
   341    572    353
    87    342    571
   145    572    342
    64    571    572
   342    572    571
     7    343    331
    88    573    343
    85    331    573
   343    573    331
    39    344    453
    90    346    344
    88    453    346
   344    346    453
    24    345    351
    85    574    345
    90    351    574
   345    574    351
    88    346    573
    90    574    346
    85    573    574
   346    574    573
    11    347    459
    89    575    347
   117    459    575
   347    575    459
    36    348    253
   146    350    348
    89    253    350
   348    350    253
    39    349    352
   117    576    349
   146    352    576
   349    576    352
    89    350    575
   146    576    350
   117    575    576
   350    576    575
    24    351    340
    90    577    351
   145    340    577
   351    577    340
    39    352    344
   146    354    352
    90    344    354
   352    354    344
    36    353    348
   145    578    353
   146    348    578
   353    578    348
    90    354    577
   146    578    354
   145    577    578
   354    578    577
     3    355    323
    91    579    355
    83    323    579
   355    579    323
    25    356    317
   147    358    356
    91    317    358
   356    358    317
    23    357    369
    83    580    357
   147    369    580
   357    580    369
    91    358    579
   147    580    358
    83    579    580
   358    580    579
    12    359    311
    92    581    359
    80    311    581
   359    581    311
    30    360    441
    94    362    360
    92    441    362
   360    362    441
    25    361    367
    80    582    361
    94    367    582
   361    582    367
    92    362    581
    94    582    362
    80    581    582
   362    582    581
     6    363    435
    93    583    363
   111    435    583
   363    583    435
    23    364    329
   148    366    364
    93    329    366
   364    366    329
    30    365    368
   111    584    365
   148    368    584
   365    584    368
    93    366    583
   148    584    366
   111    583    584
   366    584    583
    25    367    356
    94    585    367
   147    356    585
   367    585    356
    30    368    360
   148    370    368
    94    360    370
   368    370    360
    23    369    364
   147    586    369
   148    364    586
   369    586    364
    94    370    585
   148    586    370
   147    585    586
   370    586    585
     4    371    167
    95    587    371
    44    167    587
   371    587    167
    26    372    389
   149    374    372
    95    389    374
   372    374    389
    33    373    385
    44    588    373
   149    385    588
   373    588    385
    95    374    587
   149    588    374
    44    587    588
   374    588    587
     6    375    395
    96    589    375
   101    395    589
   375    589    395
    40    376    437
    98    378    376
    96    437    378
   376    378    437
    26    377    383
   101    590    377
    98    383    590
   377    590    383
    96    378    589
    98    590    378
   101    589    590
   378    590    589
     9    379    443
    97    591    379
   113    443    591
   379    591    443
    33    380    173
   150    382    380
    97    173    382
   380    382    173
    40    381    384
   113    592    381
   150    384    592
   381    592    384
    97    382    591
   150    592    382
   113    591    592
   382    592    591
    26    383    372
    98    593    383
   149    372    593
   383    593    372
    40    384    376
   150    386    384
    98    376    386
   384    386    376
    33    385    380
   149    594    385
   150    380    594
   385    594    380
    98    386    593
   150    594    386
   149    593    594
   386    594    593
     4    387    371
    99    595    387
    95    371    595
   387    595    371
    27    388    405
   151    390    388
    99    405    390
   388    390    405
    26    389    401
    95    596    389
   151    401    596
   389    596    401
    99    390    595
   151    596    390
    95    595    596
   390    596    595
     7    391    411
   100    597    391
   105    411    597
   391    597    411
    38    392    333
   102    394    392
   100    333    394
   392    394    333
    27    393    399
   105    598    393
   102    399    598
   393    598    399
   100    394    597
   102    598    394
   105    597    598
   394    598    597
     6    395    327
   101    599    395
    84    327    599
   395    599    327
    26    396    377
   152    398    396
   101    377    398
   396    398    377
    38    397    400
    84    600    397
   152    400    600
   397    600    400
   101    398    599
   152    600    398
    84    599    600
   398    600    599
    27    399    388
   102    601    399
   151    388    601
   399    601    388
    38    400    392
   152    402    400
   102    392    402
   400    402    392
    26    401    396
   151    602    401
   152    396    602
   401    602    396
   102    402    601
   152    602    402
   151    601    602
   402    602    601
     4    403    387
   103    603    403
    99    387    603
   403    603    387
    28    404    237
   153    406    404
   103    237    406
   404    406    237
    27    405    417
    99    604    405
   153    417    604
   405    604    417
   103    406    603
   153    604    406
    99    603    604
   406    604    603
    10    407    231
   104    605    407
    60    231    605
   407    605    231
    31    408    457
   106    410    408
   104    457    410
   408    410    457
    28    409    415
    60    606    409
   106    415    606
   409    606    415
   104    410    605
   106    606    410
    60    605    606
   410    606    605
     7    411    451
   105    607    411
   115    451    607
   411    607    451
    27    412    393
   154    414    412
   105    393    414
   412    414    393
    31    413    416
   115    608    413
   154    416    608
   413    608    416
   105    414    607
   154    608    414
   115    607    608
   414    608    607
    28    415    404
   106    609    415
   153    404    609
   415    609    404
    31    416    408
   154    418    416
   106    408    418
   416    418    408
    27    417    412
   153    610    417
   154    412    610
   417    610    412
   106    418    609
   154    610    418
   153    609    610
   418    610    609
     5    419    263
   107    611    419
    68    263    611
   419    611    263
    29    420    221
   155    422    420
   107    221    422
   420    422    221
    37    421    433
    68    612    421
   155    433    612
   421    612    433
   107    422    611
   155    612    422
    68    611    612
   422    612    611
     9    423    215
   108    613    423
    56    215    613
   423    613    215
    41    424    445
   110    426    424
   108    445    426
   424    426    445
    29    425    431
    56    614    425
   110    431    614
   425    614    431
   108    426    613
   110    614    426
    56    613    614
   426    614    613
    12    427    439
   109    615    427
   112    439    615
   427    615    439
    37    428    269
   156    430    428
   109    269    430
   428    430    269
    41    429    432
   112    616    429
   156    432    616
   429    616    432
   109    430    615
   156    616    430
   112    615    616
   430    616    615
    29    431    420
   110    617    431
   155    420    617
   431    617    420
    41    432    424
   156    434    432
   110    424    434
   432    434    424
    37    433    428
   155    618    433
   156    428    618
   433    618    428
   110    434    617
   156    618    434
   155    617    618
   434    618    617
     6    435    375
   111    619    435
    96    375    619
   435    619    375
    30    436    365
   157    438    436
   111    365    438
   436    438    365
    40    437    449
    96    620    437
   157    449    620
   437    620    449
   111    438    619
   157    620    438
    96    619    620
   438    620    619
    12    439    359
   112    621    439
    92    359    621
   439    621    359
    41    440    429
   114    442    440
   112    429    442
   440    442    429
    30    441    447
    92    622    441
   114    447    622
   441    622    447
   112    442    621
   114    622    442
    92    621    622
   442    622    621
     9    443    423
   113    623    443
   108    423    623
   443    623    423
    40    444    381
   158    446    444
   113    381    446
   444    446    381
    41    445    448
   108    624    445
   158    448    624
   445    624    448
   113    446    623
   158    624    446
   108    623    624
   446    624    623
    30    447    436
   114    625    447
   157    436    625
   447    625    436
    41    448    440
   158    450    448
   114    440    450
   448    450    440
    40    449    444
   157    626    449
   158    444    626
   449    626    444
   114    450    625
   158    626    450
   157    625    626
   450    626    625
     7    451    343
   115    627    451
    88    343    627
   451    627    343
    31    452    413
   159    454    452
   115    413    454
   452    454    413
    39    453    465
    88    628    453
   159    465    628
   453    628    465
   115    454    627
   159    628    454
    88    627    628
   454    628    627
    10    455    407
   116    629    455
   104    407    629
   455    629    407
    42    456    477
   118    458    456
   116    477    458
   456    458    477
    31    457    463
   104    630    457
   118    463    630
   457    630    463
   116    458    629
   118    630    458
   104    629    630
   458    630    629
    11    459    471
   117    631    459
   120    471    631
   459    631    471
    39    460    349
   160    462    460
   117    349    462
   460    462    349
    42    461    464
   120    632    461
   160    464    632
   461    632    464
   117    462    631
   160    632    462
   120    631    632
   462    632    631
    31    463    452
   118    633    463
   159    452    633
   463    633    452
    42    464    456
   160    466    464
   118    456    466
   464    466    456
    39    465    460
   159    634    465
   160    460    634
   465    634    460
   118    466    633
   160    634    466
   159    633    634
   466    634    633
     8    467    199
   119    635    467
    52    199    635
   467    635    199
    32    468    301
   161    470    468
   119    301    470
   468    470    301
    35    469    481
    52    636    469
   161    481    636
   469    636    481
   119    470    635
   161    636    470
    52    635    636
   470    636    635
    11    471    295
   120    637    471
    76    295    637
   471    637    295
    42    472    461
   122    474    472
   120    461    474
   472    474    461
    32    473    479
    76    638    473
   122    479    638
   473    638    479
   120    474    637
   122    638    474
    76    637    638
   474    638    637
    10    475    455
   121    639    475
   116    455    639
   475    639    455
    35    476    205
   162    478    476
   121    205    478
   476    478    205
    42    477    480
   116    640    477
   162    480    640
   477    640    480
   121    478    639
   162    640    478
   116    639    640
   478    640    639
    32    479    468
   122    641    479
   161    468    641
   479    641    468
    42    480    472
   162    482    480
   122    472    482
   480    482    472
    35    481    476
   161    642    481
   162    476    642
   481    642    476
   122    482    641
   162    642    482
   161    641    642
   482    642    641
