&panelinfo npanel =    320, npoint =      3, h=  0.324919696233 &end
     1     43     55
    13    123     43
    16     55    123
    43    123     55
     4     44     61
    33     46     44
    13     61     46
    44     46     61
     9     45     97
    16    124     45
    33     97    124
    45    124     97
    13     46    123
    33    124     46
    16    123    124
    46    124    123
     1     47     51
    14    125     47
    15     51    125
    47    125     51
     5     48     57
    34     50     48
    14     57     50
    48     50     57
     8     49     72
    15    126     49
    34     72    126
    49    126     72
    14     50    125
    34    126     50
    15    125    126
    50    126    125
     1     51     59
    15    127     51
    17     59    127
    51    127     59
     8     52     49
    35     54     52
    15     49     54
    52     54     49
    10     53    121
    17    128     53
    35    121    128
    53    128    121
    15     54    127
    35    128     54
    17    127    128
    54    128    127
     1     55     47
    16    129     55
    14     47    129
    55    129     47
     9     56     45
    29     58     56
    16     45     58
    56     58     45
     5     57    107
    14    130     57
    29    107    130
    57    130    107
    16     58    129
    29    130     58
    14    129    130
    58    130    129
     1     59     43
    17    131     59
    13     43    131
    59    131     43
    10     60     53
    28     62     60
    17     53     62
    60     62     53
     4     61    103
    13    132     61
    28    103    132
    61    132    103
    17     62    131
    28    132     62
    13    131    132
    62    132    131
     2     63     75
    18    133     63
    21     75    133
    63    133     75
     3     64     81
    36     66     64
    18     81     66
    64     66     81
    11     65     89
    21    134     65
    36     89    134
    65    134     89
    18     66    133
    36    134     66
    21    133    134
    66    134    133
     2     67     79
    19    135     67
    22     79    135
    67    135     79
     5     68     73
    37     70     68
    19     73     70
    68     70     73
    12     69    109
    22    136     69
    37    109    136
    69    136    109
    19     70    135
    37    136     70
    22    135    136
    70    136    135
     2     71     67
    20    137     71
    19     67    137
    71    137     67
     8     72     77
    34     74     72
    20     77     74
    72     74     77
     5     73     48
    19    138     73
    34     48    138
    73    138     48
    20     74    137
    34    138     74
    19    137    138
    74    138    137
     2     75     71
    21    139     75
    20     71    139
    75    139     71
    11     76     65
    32     78     76
    21     65     78
    76     78     65
     8     77    119
    20    140     77
    32    119    140
    77    140    119
    21     78    139
    32    140     78
    20    139    140
    78    140    139
     2     79     63
    22    141     79
    18     63    141
    79    141     63
    12     80     69
    25     82     80
    22     69     82
    80     82     69
     3     81     91
    18    142     81
    25     91    142
    81    142     91
    22     82    141
    25    142     82
    18    141    142
    82    142    141
     3     83     87
    23    143     83
    24     87    143
    83    143     87
     6     84     93
    38     86     84
    23     93     86
    84     86     93
     7     85    100
    24    144     85
    38    100    144
    85    144    100
    23     86    143
    38    144     86
    24    143    144
    86    144    143
     3     87     64
    24    145     87
    36     64    145
    87    145     64
     7     88     85
    39     90     88
    24     85     90
    88     90     85
    11     89    117
    36    146     89
    39    117    146
    89    146    117
    24     90    145
    39    146     90
    36    145    146
    90    146    145
     3     91     83
    25    147     91
    23     83    147
    91    147     83
    12     92     80
    30     94     92
    25     80     94
    92     94     80
     6     93    111
    23    148     93
    30    111    148
    93    148    111
    25     94    147
    30    148     94
    23    147    148
    94    148    147
     4     95     44
    26    149     95
    33     44    149
    95    149     44
     6     96    101
    40     98     96
    26    101     98
    96     98    101
     9     97    113
    33    150     97
    40    113    150
    97    150    113
    26     98    149
    40    150     98
    33    149    150
    98    150    149
     4     99     95
    27    151     99
    26     95    151
    99    151     95
     7    100    105
    38    102    100
    27    105    102
   100    102    105
     6    101     84
    26    152    101
    38     84    152
   101    152     84
    27    102    151
    38    152    102
    26    151    152
   102    152    151
     4    103     99
    28    153    103
    27     99    153
   103    153     99
    10    104     60
    31    106    104
    28     60    106
   104    106     60
     7    105    115
    27    154    105
    31    115    154
   105    154    115
    28    106    153
    31    154    106
    27    153    154
   106    154    153
     5    107     68
    29    155    107
    37     68    155
   107    155     68
     9    108     56
    41    110    108
    29     56    110
   108    110     56
    12    109    112
    37    156    109
    41    112    156
   109    156    112
    29    110    155
    41    156    110
    37    155    156
   110    156    155
     6    111     96
    30    157    111
    40     96    157
   111    157     96
    12    112     92
    41    114    112
    30     92    114
   112    114     92
     9    113    108
    40    158    113
    41    108    158
   113    158    108
    30    114    157
    41    158    114
    40    157    158
   114    158    157
     7    115     88
    31    159    115
    39     88    159
   115    159     88
    10    116    104
    42    118    116
    31    104    118
   116    118    104
    11    117    120
    39    160    117
    42    120    160
   117    160    120
    31    118    159
    42    160    118
    39    159    160
   118    160    159
     8    119     52
    32    161    119
    35     52    161
   119    161     52
    11    120     76
    42    122    120
    32     76    122
   120    122     76
    10    121    116
    35    162    121
    42    116    162
   121    162    116
    32    122    161
    42    162    122
    35    161    162
   122    162    161
