&panelinfo npanel = 160, npoint = 3, h=  0.741640786500, &end
     1     16     13
     4     13     33
     9     33     16
    13     16     33
     1     15     14
     5     14     34
     8     34     15
    14     15     34
     1     17     15
     8     15     35
    10     35     17
    15     17     35
     1     14     16
     9     16     29
     5     29     14
    16     14     29
     1     13     17
    10     17     28
     4     28     13
    17     13     28
     2     21     18
     3     18     36
    11     36     21
    18     21     36
     2     22     19
     5     19     37
    12     37     22
    19     22     37
     2     19     20
     8     20     34
     5     34     19
    20     19     34
     2     20     21
    11     21     32
     8     32     20
    21     20     32
     2     18     22
    12     22     25
     3     25     18
    22     18     25
     3     24     23
     6     23     38
     7     38     24
    23     24     38
     3     36     24
     7     24     39
    11     39     36
    24     36     39
     3     23     25
    12     25     30
     6     30     23
    25     23     30
     4     33     26
     6     26     40
     9     40     33
    26     33     40
     4     26     27
     7     27     38
     6     38     26
    27     26     38
     4     27     28
    10     28     31
     7     31     27
    28     27     31
     5     37     29
     9     29     41
    12     41     37
    29     37     41
     6     40     30
    12     30     41
     9     41     40
    30     40     41
     7     39     31
    10     31     42
    11     42     39
    31     39     42
     8     35     32
    11     32     42
    10     42     35
    32     35     42
    43     55     58
    46     75     55
    51     58     75
    55     75     58
    43     56     57
    47     76     56
    50     57     76
    56     76     57
    43     57     59
    50     77     57
    52     59     77
    57     77     59
    43     58     56
    51     71     58
    47     56     71
    58     71     56
    43     59     55
    52     70     59
    46     55     70
    59     70     55
    44     60     63
    45     78     60
    53     63     78
    60     78     63
    44     61     64
    47     79     61
    54     64     79
    61     79     64
    44     62     61
    50     76     62
    47     61     76
    62     76     61
    44     63     62
    53     74     63
    50     62     74
    63     74     62
    44     64     60
    54     67     64
    45     60     67
    64     67     60
    45     65     66
    48     80     65
    49     66     80
    65     80     66
    45     66     78
    49     81     66
    53     78     81
    66     81     78
    45     67     65
    54     72     67
    48     65     72
    67     72     65
    46     68     75
    48     82     68
    51     75     82
    68     82     75
    46     69     68
    49     80     69
    48     68     80
    69     80     68
    46     70     69
    52     73     70
    49     69     73
    70     73     69
    47     71     79
    51     83     71
    54     79     83
    71     83     79
    48     72     82
    54     83     72
    51     82     83
    72     83     82
    49     73     81
    52     84     73
    53     81     84
    73     84     81
    50     74     77
    53     84     74
    52     77     84
    74     84     77
