&panelinfo npanel = 640, npoint = 3, h=  0.389903635480, &end
     1     55     43
    13     43    123
    16    123     55
    43     55    123
     4     61     44
    33     44     46
    13     46     61
    44     61     46
     9     97     45
    16     45    124
    33    124     97
    45     97    124
    13    123     46
    33     46    124
    16    124    123
    46    123    124
     1     51     47
    14     47    125
    15    125     51
    47     51    125
     5     57     48
    34     48     50
    14     50     57
    48     57     50
     8     72     49
    15     49    126
    34    126     72
    49     72    126
    14    125     50
    34     50    126
    15    126    125
    50    125    126
     1     59     51
    15     51    127
    17    127     59
    51     59    127
     8     49     52
    35     52     54
    15     54     49
    52     49     54
    10    121     53
    17     53    128
    35    128    121
    53    121    128
    15    127     54
    35     54    128
    17    128    127
    54    127    128
     1     47     55
    16     55    129
    14    129     47
    55     47    129
     9     45     56
    29     56     58
    16     58     45
    56     45     58
     5    107     57
    14     57    130
    29    130    107
    57    107    130
    16    129     58
    29     58    130
    14    130    129
    58    129    130
     1     43     59
    17     59    131
    13    131     43
    59     43    131
    10     53     60
    28     60     62
    17     62     53
    60     53     62
     4    103     61
    13     61    132
    28    132    103
    61    103    132
    17    131     62
    28     62    132
    13    132    131
    62    131    132
     2     75     63
    18     63    133
    21    133     75
    63     75    133
     3     81     64
    36     64     66
    18     66     81
    64     81     66
    11     89     65
    21     65    134
    36    134     89
    65     89    134
    18    133     66
    36     66    134
    21    134    133
    66    133    134
     2     79     67
    19     67    135
    22    135     79
    67     79    135
     5     73     68
    37     68     70
    19     70     73
    68     73     70
    12    109     69
    22     69    136
    37    136    109
    69    109    136
    19    135     70
    37     70    136
    22    136    135
    70    135    136
     2     67     71
    20     71    137
    19    137     67
    71     67    137
     8     77     72
    34     72     74
    20     74     77
    72     77     74
     5     48     73
    19     73    138
    34    138     48
    73     48    138
    20    137     74
    34     74    138
    19    138    137
    74    137    138
     2     71     75
    21     75    139
    20    139     71
    75     71    139
    11     65     76
    32     76     78
    21     78     65
    76     65     78
     8    119     77
    20     77    140
    32    140    119
    77    119    140
    21    139     78
    32     78    140
    20    140    139
    78    139    140
     2     63     79
    22     79    141
    18    141     63
    79     63    141
    12     69     80
    25     80     82
    22     82     69
    80     69     82
     3     91     81
    18     81    142
    25    142     91
    81     91    142
    22    141     82
    25     82    142
    18    142    141
    82    141    142
     3     87     83
    23     83    143
    24    143     87
    83     87    143
     6     93     84
    38     84     86
    23     86     93
    84     93     86
     7    100     85
    24     85    144
    38    144    100
    85    100    144
    23    143     86
    38     86    144
    24    144    143
    86    143    144
     3     64     87
    24     87    145
    36    145     64
    87     64    145
     7     85     88
    39     88     90
    24     90     85
    88     85     90
    11    117     89
    36     89    146
    39    146    117
    89    117    146
    24    145     90
    39     90    146
    36    146    145
    90    145    146
     3     83     91
    25     91    147
    23    147     83
    91     83    147
    12     80     92
    30     92     94
    25     94     80
    92     80     94
     6    111     93
    23     93    148
    30    148    111
    93    111    148
    25    147     94
    30     94    148
    23    148    147
    94    147    148
     4     44     95
    26     95    149
    33    149     44
    95     44    149
     6    101     96
    40     96     98
    26     98    101
    96    101     98
     9    113     97
    33     97    150
    40    150    113
    97    113    150
    26    149     98
    40     98    150
    33    150    149
    98    149    150
     4     95     99
    27     99    151
    26    151     95
    99     95    151
     7    105    100
    38    100    102
    27    102    105
   100    105    102
     6     84    101
    26    101    152
    38    152     84
   101     84    152
    27    151    102
    38    102    152
    26    152    151
   102    151    152
     4     99    103
    28    103    153
    27    153     99
   103     99    153
    10     60    104
    31    104    106
    28    106     60
   104     60    106
     7    115    105
    27    105    154
    31    154    115
   105    115    154
    28    153    106
    31    106    154
    27    154    153
   106    153    154
     5     68    107
    29    107    155
    37    155     68
   107     68    155
     9     56    108
    41    108    110
    29    110     56
   108     56    110
    12    112    109
    37    109    156
    41    156    112
   109    112    156
    29    155    110
    41    110    156
    37    156    155
   110    155    156
     6     96    111
    30    111    157
    40    157     96
   111     96    157
    12     92    112
    41    112    114
    30    114     92
   112     92    114
     9    108    113
    40    113    158
    41    158    108
   113    108    158
    30    157    114
    41    114    158
    40    158    157
   114    157    158
     7     88    115
    31    115    159
    39    159     88
   115     88    159
    10    104    116
    42    116    118
    31    118    104
   116    104    118
    11    120    117
    39    117    160
    42    160    120
   117    120    160
    31    159    118
    42    118    160
    39    160    159
   118    159    160
     8     52    119
    32    119    161
    35    161     52
   119     52    161
    11     76    120
    42    120    122
    32    122     76
   120     76    122
    10    116    121
    35    121    162
    42    162    116
   121    116    162
    32    161    122
    42    122    162
    35    162    161
   122    161    162
   163    205    217
   175    285    205
   178    217    285
   205    285    217
   166    206    223
   195    208    206
   175    223    208
   206    208    223
   171    207    259
   178    286    207
   195    259    286
   207    286    259
   175    208    285
   195    286    208
   178    285    286
   208    286    285
   163    209    213
   176    287    209
   177    213    287
   209    287    213
   167    210    219
   196    212    210
   176    219    212
   210    212    219
   170    211    234
   177    288    211
   196    234    288
   211    288    234
   176    212    287
   196    288    212
   177    287    288
   212    288    287
   163    213    221
   177    289    213
   179    221    289
   213    289    221
   170    214    211
   197    216    214
   177    211    216
   214    216    211
   172    215    283
   179    290    215
   197    283    290
   215    290    283
   177    216    289
   197    290    216
   179    289    290
   216    290    289
   163    217    209
   178    291    217
   176    209    291
   217    291    209
   171    218    207
   191    220    218
   178    207    220
   218    220    207
   167    219    269
   176    292    219
   191    269    292
   219    292    269
   178    220    291
   191    292    220
   176    291    292
   220    292    291
   163    221    205
   179    293    221
   175    205    293
   221    293    205
   172    222    215
   190    224    222
   179    215    224
   222    224    215
   166    223    265
   175    294    223
   190    265    294
   223    294    265
   179    224    293
   190    294    224
   175    293    294
   224    294    293
   164    225    237
   180    295    225
   183    237    295
   225    295    237
   165    226    243
   198    228    226
   180    243    228
   226    228    243
   173    227    251
   183    296    227
   198    251    296
   227    296    251
   180    228    295
   198    296    228
   183    295    296
   228    296    295
   164    229    241
   181    297    229
   184    241    297
   229    297    241
   167    230    235
   199    232    230
   181    235    232
   230    232    235
   174    231    271
   184    298    231
   199    271    298
   231    298    271
   181    232    297
   199    298    232
   184    297    298
   232    298    297
   164    233    229
   182    299    233
   181    229    299
   233    299    229
   170    234    239
   196    236    234
   182    239    236
   234    236    239
   167    235    210
   181    300    235
   196    210    300
   235    300    210
   182    236    299
   196    300    236
   181    299    300
   236    300    299
   164    237    233
   183    301    237
   182    233    301
   237    301    233
   173    238    227
   194    240    238
   183    227    240
   238    240    227
   170    239    281
   182    302    239
   194    281    302
   239    302    281
   183    240    301
   194    302    240
   182    301    302
   240    302    301
   164    241    225
   184    303    241
   180    225    303
   241    303    225
   174    242    231
   187    244    242
   184    231    244
   242    244    231
   165    243    253
   180    304    243
   187    253    304
   243    304    253
   184    244    303
   187    304    244
   180    303    304
   244    304    303
   165    245    249
   185    305    245
   186    249    305
   245    305    249
   168    246    255
   200    248    246
   185    255    248
   246    248    255
   169    247    262
   186    306    247
   200    262    306
   247    306    262
   185    248    305
   200    306    248
   186    305    306
   248    306    305
   165    249    226
   186    307    249
   198    226    307
   249    307    226
   169    250    247
   201    252    250
   186    247    252
   250    252    247
   173    251    279
   198    308    251
   201    279    308
   251    308    279
   186    252    307
   201    308    252
   198    307    308
   252    308    307
   165    253    245
   187    309    253
   185    245    309
   253    309    245
   174    254    242
   192    256    254
   187    242    256
   254    256    242
   168    255    273
   185    310    255
   192    273    310
   255    310    273
   187    256    309
   192    310    256
   185    309    310
   256    310    309
   166    257    206
   188    311    257
   195    206    311
   257    311    206
   168    258    263
   202    260    258
   188    263    260
   258    260    263
   171    259    275
   195    312    259
   202    275    312
   259    312    275
   188    260    311
   202    312    260
   195    311    312
   260    312    311
   166    261    257
   189    313    261
   188    257    313
   261    313    257
   169    262    267
   200    264    262
   189    267    264
   262    264    267
   168    263    246
   188    314    263
   200    246    314
   263    314    246
   189    264    313
   200    314    264
   188    313    314
   264    314    313
   166    265    261
   190    315    265
   189    261    315
   265    315    261
   172    266    222
   193    268    266
   190    222    268
   266    268    222
   169    267    277
   189    316    267
   193    277    316
   267    316    277
   190    268    315
   193    316    268
   189    315    316
   268    316    315
   167    269    230
   191    317    269
   199    230    317
   269    317    230
   171    270    218
   203    272    270
   191    218    272
   270    272    218
   174    271    274
   199    318    271
   203    274    318
   271    318    274
   191    272    317
   203    318    272
   199    317    318
   272    318    317
   168    273    258
   192    319    273
   202    258    319
   273    319    258
   174    274    254
   203    276    274
   192    254    276
   274    276    254
   171    275    270
   202    320    275
   203    270    320
   275    320    270
   192    276    319
   203    320    276
   202    319    320
   276    320    319
   169    277    250
   193    321    277
   201    250    321
   277    321    250
   172    278    266
   204    280    278
   193    266    280
   278    280    266
   173    279    282
   201    322    279
   204    282    322
   279    322    282
   193    280    321
   204    322    280
   201    321    322
   280    322    321
   170    281    214
   194    323    281
   197    214    323
   281    323    214
   173    282    238
   204    284    282
   194    238    284
   282    284    238
   172    283    278
   197    324    283
   204    278    324
   283    324    278
   194    284    323
   204    324    284
   197    323    324
   284    324    323
