&panelinfo npanel = 2560, npoint = 3, h=  0.197576592078, &end
     1    211    163
    43    163    483
    55    483    211
   163    211    483
    13    229    164
   123    164    166
    43    166    229
   164    229    166
    16    177    165
    55    165    484
   123    484    177
   165    177    484
    43    483    166
   123    166    484
    55    484    483
   166    483    484
     4    235    167
    44    167    485
    61    485    235
   167    235    485
    33    373    168
    46    168    170
    44    170    373
   168    373    170
    13    175    169
    61    169    486
    46    486    175
   169    175    486
    44    485    170
    46    170    486
    61    486    485
   170    485    486
     9    379    171
    45    171    487
    97    487    379
   171    379    487
    16    217    172
   124    172    174
    45    174    217
   172    217    174
    33    176    173
    97    173    488
   124    488    176
   173    176    488
    45    487    174
   124    174    488
    97    488    487
   174    487    488
    13    164    175
    46    175    489
   123    489    164
   175    164    489
    33    168    176
   124    176    178
    46    178    168
   176    168    178
    16    172    177
   123    177    490
   124    490    172
   177    172    490
    46    489    178
   124    178    490
   123    490    489
   178    489    490
     1    195    179
    47    179    491
    51    491    195
   179    195    491
    14    213    180
   125    180    182
    47    182    213
   180    213    182
    15    193    181
    51    181    492
   125    492    193
   181    193    492
    47    491    182
   125    182    492
    51    492    491
   182    491    492
     5    219    183
    48    183    493
    57    493    219
   183    219    493
    34    285    184
    50    184    186
    48    186    285
   184    285    186
    14    191    185
    57    185    494
    50    494    191
   185    191    494
    48    493    186
    50    186    494
    57    494    493
   186    493    494
     8    279    187
    49    187    495
    72    495    279
   187    279    495
    15    201    188
   126    188    190
    49    190    201
   188    201    190
    34    192    189
    72    189    496
   126    496    192
   189    192    496
    49    495    190
   126    190    496
    72    496    495
   190    495    496
    14    180    191
    50    191    497
   125    497    180
   191    180    497
    34    184    192
   126    192    194
    50    194    184
   192    184    194
    15    188    193
   125    193    498
   126    498    188
   193    188    498
    50    497    194
   126    194    498
   125    498    497
   194    497    498
     1    227    195
    51    195    499
    59    499    227
   195    227    499
    15    181    196
   127    196    198
    51    198    181
   196    181    198
    17    209    197
    59    197    500
   127    500    209
   197    209    500
    51    499    198
   127    198    500
    59    500    499
   198    499    500
     8    187    199
    52    199    501
    49    501    187
   199    187    501
    35    469    200
    54    200    202
    52    202    469
   200    469    202
    15    207    201
    49    201    502
    54    502    207
   201    207    502
    52    501    202
    54    202    502
    49    502    501
   202    501    502
    10    475    203
    53    203    503
   121    503    475
   203    475    503
    17    233    204
   128    204    206
    53    206    233
   204    233    206
    35    208    205
   121    205    504
   128    504    208
   205    208    504
    53    503    206
   128    206    504
   121    504    503
   206    503    504
    15    196    207
    54    207    505
   127    505    196
   207    196    505
    35    200    208
   128    208    210
    54    210    200
   208    200    210
    17    204    209
   127    209    506
   128    506    204
   209    204    506
    54    505    210
   128    210    506
   127    506    505
   210    505    506
     1    179    211
    55    211    507
    47    507    179
   211    179    507
    16    165    212
   129    212    214
    55    214    165
   212    165    214
    14    225    213
    47    213    508
   129    508    225
   213    225    508
    55    507    214
   129    214    508
    47    508    507
   214    507    508
     9    171    215
    56    215    509
    45    509    171
   215    171    509
    29    425    216
    58    216    218
    56    218    425
   216    425    218
    16    223    217
    45    217    510
    58    510    223
   217    223    510
    56    509    218
    58    218    510
    45    510    509
   218    509    510
     5    419    219
    57    219    511
   107    511    419
   219    419    511
    14    185    220
   130    220    222
    57    222    185
   220    185    222
    29    224    221
   107    221    512
   130    512    224
   221    224    512
    57    511    222
   130    222    512
   107    512    511
   222    511    512
    16    212    223
    58    223    513
   129    513    212
   223    212    513
    29    216    224
   130    224    226
    58    226    216
   224    216    226
    14    220    225
   129    225    514
   130    514    220
   225    220    514
    58    513    226
   130    226    514
   129    514    513
   226    513    514
     1    163    227
    59    227    515
    43    515    163
   227    163    515
    17    197    228
   131    228    230
    59    230    197
   228    197    230
    13    241    229
    43    229    516
   131    516    241
   229    241    516
    59    515    230
   131    230    516
    43    516    515
   230    515    516
    10    203    231
    60    231    517
    53    517    203
   231    203    517
    28    409    232
    62    232    234
    60    234    409
   232    409    234
    17    239    233
    53    233    518
    62    518    239
   233    239    518
    60    517    234
    62    234    518
    53    518    517
   234    517    518
     4    403    235
    61    235    519
   103    519    403
   235    403    519
    13    169    236
   132    236    238
    61    238    169
   236    169    238
    28    240    237
   103    237    520
   132    520    240
   237    240    520
    61    519    238
   132    238    520
   103    520    519
   238    519    520
    17    228    239
    62    239    521
   131    521    228
   239    228    521
    28    232    240
   132    240    242
    62    242    232
   240    232    242
    13    236    241
   131    241    522
   132    522    236
   241    236    522
    62    521    242
   132    242    522
   131    522    521
   242    521    522
     2    291    243
    63    243    523
    75    523    291
   243    291    523
    18    309    244
   133    244    246
    63    246    309
   244    309    246
    21    257    245
    75    245    524
   133    524    257
   245    257    524
    63    523    246
   133    246    524
    75    524    523
   246    523    524
     3    315    247
    64    247    525
    81    525    315
   247    315    525
    36    341    248
    66    248    250
    64    250    341
   248    341    250
    18    255    249
    81    249    526
    66    526    255
   249    255    526
    64    525    250
    66    250    526
    81    526    525
   250    525    526
    11    347    251
    65    251    527
    89    527    347
   251    347    527
    21    297    252
   134    252    254
    65    254    297
   252    297    254
    36    256    253
    89    253    528
   134    528    256
   253    256    528
    65    527    254
   134    254    528
    89    528    527
   254    527    528
    18    244    255
    66    255    529
   133    529    244
   255    244    529
    36    248    256
   134    256    258
    66    258    248
   256    248    258
    21    252    257
   133    257    530
   134    530    252
   257    252    530
    66    529    258
   134    258    530
   133    530    529
   258    529    530
     2    307    259
    67    259    531
    79    531    307
   259    307    531
    19    277    260
   135    260    262
    67    262    277
   260    277    262
    22    273    261
    79    261    532
   135    532    273
   261    273    532
    67    531    262
   135    262    532
    79    532    531
   262    531    532
     5    283    263
    68    263    533
    73    533    283
   263    283    533
    37    421    264
    70    264    266
    68    266    421
   264    421    266
    19    271    265
    73    265    534
    70    534    271
   265    271    534
    68    533    266
    70    266    534
    73    534    533
   266    533    534
    12    427    267
    69    267    535
   109    535    427
   267    427    535
    22    313    268
   136    268    270
    69    270    313
   268    313    270
    37    272    269
   109    269    536
   136    536    272
   269    272    536
    69    535    270
   136    270    536
   109    536    535
   270    535    536
    19    260    271
    70    271    537
   135    537    260
   271    260    537
    37    264    272
   136    272    274
    70    274    264
   272    264    274
    22    268    273
   135    273    538
   136    538    268
   273    268    538
    70    537    274
   136    274    538
   135    538    537
   274    537    538
     2    259    275
    71    275    539
    67    539    259
   275    259    539
    20    293    276
   137    276    278
    71    278    293
   276    293    278
    19    289    277
    67    277    540
   137    540    289
   277    289    540
    71    539    278
   137    278    540
    67    540    539
   278    539    540
     8    299    279
    72    279    541
    77    541    299
   279    299    541
    34    189    280
    74    280    282
    72    282    189
   280    189    282
    20    287    281
    77    281    542
    74    542    287
   281    287    542
    72    541    282
    74    282    542
    77    542    541
   282    541    542
     5    183    283
    73    283    543
    48    543    183
   283    183    543
    19    265    284
   138    284    286
    73    286    265
   284    265    286
    34    288    285
    48    285    544
   138    544    288
   285    288    544
    73    543    286
   138    286    544
    48    544    543
   286    543    544
    20    276    287
    74    287    545
   137    545    276
   287    276    545
    34    280    288
   138    288    290
    74    290    280
   288    280    290
    19    284    289
   137    289    546
   138    546    284
   289    284    546
    74    545    290
   138    290    546
   137    546    545
   290    545    546
     2    275    291
    75    291    547
    71    547    275
   291    275    547
    21    245    292
   139    292    294
    75    294    245
   292    245    294
    20    305    293
    71    293    548
   139    548    305
   293    305    548
    75    547    294
   139    294    548
    71    548    547
   294    547    548
    11    251    295
    76    295    549
    65    549    251
   295    251    549
    32    473    296
    78    296    298
    76    298    473
   296    473    298
    21    303    297
    65    297    550
    78    550    303
   297    303    550
    76    549    298
    78    298    550
    65    550    549
   298    549    550
     8    467    299
    77    299    551
   119    551    467
   299    467    551
    20    281    300
   140    300    302
    77    302    281
   300    281    302
    32    304    301
   119    301    552
   140    552    304
   301    304    552
    77    551    302
   140    302    552
   119    552    551
   302    551    552
    21    292    303
    78    303    553
   139    553    292
   303    292    553
    32    296    304
   140    304    306
    78    306    296
   304    296    306
    20    300    305
   139    305    554
   140    554    300
   305    300    554
    78    553    306
   140    306    554
   139    554    553
   306    553    554
     2    243    307
    79    307    555
    63    555    243
   307    243    555
    22    261    308
   141    308    310
    79    310    261
   308    261    310
    18    321    309
    63    309    556
   141    556    321
   309    321    556
    79    555    310
   141    310    556
    63    556    555
   310    555    556
    12    267    311
    80    311    557
    69    557    267
   311    267    557
    25    361    312
    82    312    314
    80    314    361
   312    361    314
    22    319    313
    69    313    558
    82    558    319
   313    319    558
    80    557    314
    82    314    558
    69    558    557
   314    557    558
     3    355    315
    81    315    559
    91    559    355
   315    355    559
    18    249    316
   142    316    318
    81    318    249
   316    249    318
    25    320    317
    91    317    560
   142    560    320
   317    320    560
    81    559    318
   142    318    560
    91    560    559
   318    559    560
    22    308    319
    82    319    561
   141    561    308
   319    308    561
    25    312    320
   142    320    322
    82    322    312
   320    312    322
    18    316    321
   141    321    562
   142    562    316
   321    316    562
    82    561    322
   142    322    562
   141    562    561
   322    561    562
     3    339    323
    83    323    563
    87    563    339
   323    339    563
    23    357    324
   143    324    326
    83    326    357
   324    357    326
    24    337    325
    87    325    564
   143    564    337
   325    337    564
    83    563    326
   143    326    564
    87    564    563
   326    563    564
     6    363    327
    84    327    565
    93    565    363
   327    363    565
    38    397    328
    86    328    330
    84    330    397
   328    397    330
    23    335    329
    93    329    566
    86    566    335
   329    335    566
    84    565    330
    86    330    566
    93    566    565
   330    565    566
     7    391    331
    85    331    567
   100    567    391
   331    391    567
    24    345    332
   144    332    334
    85    334    345
   332    345    334
    38    336    333
   100    333    568
   144    568    336
   333    336    568
    85    567    334
   144    334    568
   100    568    567
   334    567    568
    23    324    335
    86    335    569
   143    569    324
   335    324    569
    38    328    336
   144    336    338
    86    338    328
   336    328    338
    24    332    337
   143    337    570
   144    570    332
   337    332    570
    86    569    338
   144    338    570
   143    570    569
   338    569    570
     3    247    339
    87    339    571
    64    571    247
   339    247    571
    24    325    340
   145    340    342
    87    342    325
   340    325    342
    36    353    341
    64    341    572
   145    572    353
   341    353    572
    87    571    342
   145    342    572
    64    572    571
   342    571    572
     7    331    343
    88    343    573
    85    573    331
   343    331    573
    39    453    344
    90    344    346
    88    346    453
   344    453    346
    24    351    345
    85    345    574
    90    574    351
   345    351    574
    88    573    346
    90    346    574
    85    574    573
   346    573    574
    11    459    347
    89    347    575
   117    575    459
   347    459    575
    36    253    348
   146    348    350
    89    350    253
   348    253    350
    39    352    349
   117    349    576
   146    576    352
   349    352    576
    89    575    350
   146    350    576
   117    576    575
   350    575    576
    24    340    351
    90    351    577
   145    577    340
   351    340    577
    39    344    352
   146    352    354
    90    354    344
   352    344    354
    36    348    353
   145    353    578
   146    578    348
   353    348    578
    90    577    354
   146    354    578
   145    578    577
   354    577    578
     3    323    355
    91    355    579
    83    579    323
   355    323    579
    25    317    356
   147    356    358
    91    358    317
   356    317    358
    23    369    357
    83    357    580
   147    580    369
   357    369    580
    91    579    358
   147    358    580
    83    580    579
   358    579    580
    12    311    359
    92    359    581
    80    581    311
   359    311    581
    30    441    360
    94    360    362
    92    362    441
   360    441    362
    25    367    361
    80    361    582
    94    582    367
   361    367    582
    92    581    362
    94    362    582
    80    582    581
   362    581    582
     6    435    363
    93    363    583
   111    583    435
   363    435    583
    23    329    364
   148    364    366
    93    366    329
   364    329    366
    30    368    365
   111    365    584
   148    584    368
   365    368    584
    93    583    366
   148    366    584
   111    584    583
   366    583    584
    25    356    367
    94    367    585
   147    585    356
   367    356    585
    30    360    368
   148    368    370
    94    370    360
   368    360    370
    23    364    369
   147    369    586
   148    586    364
   369    364    586
    94    585    370
   148    370    586
   147    586    585
   370    585    586
     4    167    371
    95    371    587
    44    587    167
   371    167    587
    26    389    372
   149    372    374
    95    374    389
   372    389    374
    33    385    373
    44    373    588
   149    588    385
   373    385    588
    95    587    374
   149    374    588
    44    588    587
   374    587    588
     6    395    375
    96    375    589
   101    589    395
   375    395    589
    40    437    376
    98    376    378
    96    378    437
   376    437    378
    26    383    377
   101    377    590
    98    590    383
   377    383    590
    96    589    378
    98    378    590
   101    590    589
   378    589    590
     9    443    379
    97    379    591
   113    591    443
   379    443    591
    33    173    380
   150    380    382
    97    382    173
   380    173    382
    40    384    381
   113    381    592
   150    592    384
   381    384    592
    97    591    382
   150    382    592
   113    592    591
   382    591    592
    26    372    383
    98    383    593
   149    593    372
   383    372    593
    40    376    384
   150    384    386
    98    386    376
   384    376    386
    33    380    385
   149    385    594
   150    594    380
   385    380    594
    98    593    386
   150    386    594
   149    594    593
   386    593    594
     4    371    387
    99    387    595
    95    595    371
   387    371    595
    27    405    388
   151    388    390
    99    390    405
   388    405    390
    26    401    389
    95    389    596
   151    596    401
   389    401    596
    99    595    390
   151    390    596
    95    596    595
   390    595    596
     7    411    391
   100    391    597
   105    597    411
   391    411    597
    38    333    392
   102    392    394
   100    394    333
   392    333    394
    27    399    393
   105    393    598
   102    598    399
   393    399    598
   100    597    394
   102    394    598
   105    598    597
   394    597    598
     6    327    395
   101    395    599
    84    599    327
   395    327    599
    26    377    396
   152    396    398
   101    398    377
   396    377    398
    38    400    397
    84    397    600
   152    600    400
   397    400    600
   101    599    398
   152    398    600
    84    600    599
   398    599    600
    27    388    399
   102    399    601
   151    601    388
   399    388    601
    38    392    400
   152    400    402
   102    402    392
   400    392    402
    26    396    401
   151    401    602
   152    602    396
   401    396    602
   102    601    402
   152    402    602
   151    602    601
   402    601    602
     4    387    403
   103    403    603
    99    603    387
   403    387    603
    28    237    404
   153    404    406
   103    406    237
   404    237    406
    27    417    405
    99    405    604
   153    604    417
   405    417    604
   103    603    406
   153    406    604
    99    604    603
   406    603    604
    10    231    407
   104    407    605
    60    605    231
   407    231    605
    31    457    408
   106    408    410
   104    410    457
   408    457    410
    28    415    409
    60    409    606
   106    606    415
   409    415    606
   104    605    410
   106    410    606
    60    606    605
   410    605    606
     7    451    411
   105    411    607
   115    607    451
   411    451    607
    27    393    412
   154    412    414
   105    414    393
   412    393    414
    31    416    413
   115    413    608
   154    608    416
   413    416    608
   105    607    414
   154    414    608
   115    608    607
   414    607    608
    28    404    415
   106    415    609
   153    609    404
   415    404    609
    31    408    416
   154    416    418
   106    418    408
   416    408    418
    27    412    417
   153    417    610
   154    610    412
   417    412    610
   106    609    418
   154    418    610
   153    610    609
   418    609    610
     5    263    419
   107    419    611
    68    611    263
   419    263    611
    29    221    420
   155    420    422
   107    422    221
   420    221    422
    37    433    421
    68    421    612
   155    612    433
   421    433    612
   107    611    422
   155    422    612
    68    612    611
   422    611    612
     9    215    423
   108    423    613
    56    613    215
   423    215    613
    41    445    424
   110    424    426
   108    426    445
   424    445    426
    29    431    425
    56    425    614
   110    614    431
   425    431    614
   108    613    426
   110    426    614
    56    614    613
   426    613    614
    12    439    427
   109    427    615
   112    615    439
   427    439    615
    37    269    428
   156    428    430
   109    430    269
   428    269    430
    41    432    429
   112    429    616
   156    616    432
   429    432    616
   109    615    430
   156    430    616
   112    616    615
   430    615    616
    29    420    431
   110    431    617
   155    617    420
   431    420    617
    41    424    432
   156    432    434
   110    434    424
   432    424    434
    37    428    433
   155    433    618
   156    618    428
   433    428    618
   110    617    434
   156    434    618
   155    618    617
   434    617    618
     6    375    435
   111    435    619
    96    619    375
   435    375    619
    30    365    436
   157    436    438
   111    438    365
   436    365    438
    40    449    437
    96    437    620
   157    620    449
   437    449    620
   111    619    438
   157    438    620
    96    620    619
   438    619    620
    12    359    439
   112    439    621
    92    621    359
   439    359    621
    41    429    440
   114    440    442
   112    442    429
   440    429    442
    30    447    441
    92    441    622
   114    622    447
   441    447    622
   112    621    442
   114    442    622
    92    622    621
   442    621    622
     9    423    443
   113    443    623
   108    623    423
   443    423    623
    40    381    444
   158    444    446
   113    446    381
   444    381    446
    41    448    445
   108    445    624
   158    624    448
   445    448    624
   113    623    446
   158    446    624
   108    624    623
   446    623    624
    30    436    447
   114    447    625
   157    625    436
   447    436    625
    41    440    448
   158    448    450
   114    450    440
   448    440    450
    40    444    449
   157    449    626
   158    626    444
   449    444    626
   114    625    450
   158    450    626
   157    626    625
   450    625    626
     7    343    451
   115    451    627
    88    627    343
   451    343    627
    31    413    452
   159    452    454
   115    454    413
   452    413    454
    39    465    453
    88    453    628
   159    628    465
   453    465    628
   115    627    454
   159    454    628
    88    628    627
   454    627    628
    10    407    455
   116    455    629
   104    629    407
   455    407    629
    42    477    456
   118    456    458
   116    458    477
   456    477    458
    31    463    457
   104    457    630
   118    630    463
   457    463    630
   116    629    458
   118    458    630
   104    630    629
   458    629    630
    11    471    459
   117    459    631
   120    631    471
   459    471    631
    39    349    460
   160    460    462
   117    462    349
   460    349    462
    42    464    461
   120    461    632
   160    632    464
   461    464    632
   117    631    462
   160    462    632
   120    632    631
   462    631    632
    31    452    463
   118    463    633
   159    633    452
   463    452    633
    42    456    464
   160    464    466
   118    466    456
   464    456    466
    39    460    465
   159    465    634
   160    634    460
   465    460    634
   118    633    466
   160    466    634
   159    634    633
   466    633    634
     8    199    467
   119    467    635
    52    635    199
   467    199    635
    32    301    468
   161    468    470
   119    470    301
   468    301    470
    35    481    469
    52    469    636
   161    636    481
   469    481    636
   119    635    470
   161    470    636
    52    636    635
   470    635    636
    11    295    471
   120    471    637
    76    637    295
   471    295    637
    42    461    472
   122    472    474
   120    474    461
   472    461    474
    32    479    473
    76    473    638
   122    638    479
   473    479    638
   120    637    474
   122    474    638
    76    638    637
   474    637    638
    10    455    475
   121    475    639
   116    639    455
   475    455    639
    35    205    476
   162    476    478
   121    478    205
   476    205    478
    42    480    477
   116    477    640
   162    640    480
   477    480    640
   121    639    478
   162    478    640
   116    640    639
   478    639    640
    32    468    479
   122    479    641
   161    641    468
   479    468    641
    42    472    480
   162    480    482
   122    482    472
   480    472    482
    35    476    481
   161    481    642
   162    642    476
   481    476    642
   122    641    482
   162    482    642
   161    642    641
   482    641    642
   643    805    853
   685   1125    805
   697    853   1125
   805   1125    853
   655    806    871
   765    808    806
   685    871    808
   806    808    871
   658    807    819
   697   1126    807
   765    819   1126
   807   1126    819
   685    808   1125
   765   1126    808
   697   1125   1126
   808   1126   1125
   646    809    877
   686   1127    809
   703    877   1127
   809   1127    877
   675    810   1015
   688    812    810
   686   1015    812
   810    812   1015
   655    811    817
   703   1128    811
   688    817   1128
   811   1128    817
   686    812   1127
   688   1128    812
   703   1127   1128
   812   1128   1127
   651    813   1021
   687   1129    813
   739   1021   1129
   813   1129   1021
   658    814    859
   766    816    814
   687    859    816
   814    816    859
   675    815    818
   739   1130    815
   766    818   1130
   815   1130    818
   687    816   1129
   766   1130    816
   739   1129   1130
   816   1130   1129
   655    817    806
   688   1131    817
   765    806   1131
   817   1131    806
   675    818    810
   766    820    818
   688    810    820
   818    820    810
   658    819    814
   765   1132    819
   766    814   1132
   819   1132    814
   688    820   1131
   766   1132    820
   765   1131   1132
   820   1132   1131
   643    821    837
   689   1133    821
   693    837   1133
   821   1133    837
   656    822    855
   767    824    822
   689    855    824
   822    824    855
   657    823    835
   693   1134    823
   767    835   1134
   823   1134    835
   689    824   1133
   767   1134    824
   693   1133   1134
   824   1134   1133
   647    825    861
   690   1135    825
   699    861   1135
   825   1135    861
   676    826    927
   692    828    826
   690    927    828
   826    828    927
   656    827    833
   699   1136    827
   692    833   1136
   827   1136    833
   690    828   1135
   692   1136    828
   699   1135   1136
   828   1136   1135
   650    829    921
   691   1137    829
   714    921   1137
   829   1137    921
   657    830    843
   768    832    830
   691    843    832
   830    832    843
   676    831    834
   714   1138    831
   768    834   1138
   831   1138    834
   691    832   1137
   768   1138    832
   714   1137   1138
   832   1138   1137
   656    833    822
   692   1139    833
   767    822   1139
   833   1139    822
   676    834    826
   768    836    834
   692    826    836
   834    836    826
   657    835    830
   767   1140    835
   768    830   1140
   835   1140    830
   692    836   1139
   768   1140    836
   767   1139   1140
   836   1140   1139
   643    837    869
   693   1141    837
   701    869   1141
   837   1141    869
   657    838    823
   769    840    838
   693    823    840
   838    840    823
   659    839    851
   701   1142    839
   769    851   1142
   839   1142    851
   693    840   1141
   769   1142    840
   701   1141   1142
   840   1142   1141
   650    841    829
   694   1143    841
   691    829   1143
   841   1143    829
   677    842   1111
   696    844    842
   694   1111    844
   842    844   1111
   657    843    849
   691   1144    843
   696    849   1144
   843   1144    849
   694    844   1143
   696   1144    844
   691   1143   1144
   844   1144   1143
   652    845   1117
   695   1145    845
   763   1117   1145
   845   1145   1117
   659    846    875
   770    848    846
   695    875    848
   846    848    875
   677    847    850
   763   1146    847
   770    850   1146
   847   1146    850
   695    848   1145
   770   1146    848
   763   1145   1146
   848   1146   1145
   657    849    838
   696   1147    849
   769    838   1147
   849   1147    838
   677    850    842
   770    852    850
   696    842    852
   850    852    842
   659    851    846
   769   1148    851
   770    846   1148
   851   1148    846
   696    852   1147
   770   1148    852
   769   1147   1148
   852   1148   1147
   643    853    821
   697   1149    853
   689    821   1149
   853   1149    821
   658    854    807
   771    856    854
   697    807    856
   854    856    807
   656    855    867
   689   1150    855
   771    867   1150
   855   1150    867
   697    856   1149
   771   1150    856
   689   1149   1150
   856   1150   1149
   651    857    813
   698   1151    857
   687    813   1151
   857   1151    813
   671    858   1067
   700    860    858
   698   1067    860
   858    860   1067
   658    859    865
   687   1152    859
   700    865   1152
   859   1152    865
   698    860   1151
   700   1152    860
   687   1151   1152
   860   1152   1151
   647    861   1061
   699   1153    861
   749   1061   1153
   861   1153   1061
   656    862    827
   772    864    862
   699    827    864
   862    864    827
   671    863    866
   749   1154    863
   772    866   1154
   863   1154    866
   699    864   1153
   772   1154    864
   749   1153   1154
   864   1154   1153
   658    865    854
   700   1155    865
   771    854   1155
   865   1155    854
   671    866    858
   772    868    866
   700    858    868
   866    868    858
   656    867    862
   771   1156    867
   772    862   1156
   867   1156    862
   700    868   1155
   772   1156    868
   771   1155   1156
   868   1156   1155
   643    869    805
   701   1157    869
   685    805   1157
   869   1157    805
   659    870    839
   773    872    870
   701    839    872
   870    872    839
   655    871    883
   685   1158    871
   773    883   1158
   871   1158    883
   701    872   1157
   773   1158    872
   685   1157   1158
   872   1158   1157
   652    873    845
   702   1159    873
   695    845   1159
   873   1159    845
   670    874   1051
   704    876    874
   702   1051    876
   874    876   1051
   659    875    881
   695   1160    875
   704    881   1160
   875   1160    881
   702    876   1159
   704   1160    876
   695   1159   1160
   876   1160   1159
   646    877   1045
   703   1161    877
   745   1045   1161
   877   1161   1045
   655    878    811
   774    880    878
   703    811    880
   878    880    811
   670    879    882
   745   1162    879
   774    882   1162
   879   1162    882
   703    880   1161
   774   1162    880
   745   1161   1162
   880   1162   1161
   659    881    870
   704   1163    881
   773    870   1163
   881   1163    870
   670    882    874
   774    884    882
   704    874    884
   882    884    874
   655    883    878
   773   1164    883
   774    878   1164
   883   1164    878
   704    884   1163
   774   1164    884
   773   1163   1164
   884   1164   1163
   644    885    933
   705   1165    885
   717    933   1165
   885   1165    933
   660    886    951
   775    888    886
   705    951    888
   886    888    951
   663    887    899
   717   1166    887
   775    899   1166
   887   1166    899
   705    888   1165
   775   1166    888
   717   1165   1166
   888   1166   1165
   645    889    957
   706   1167    889
   723    957   1167
   889   1167    957
   678    890    983
   708    892    890
   706    983    892
   890    892    983
   660    891    897
   723   1168    891
   708    897   1168
   891   1168    897
   706    892   1167
   708   1168    892
   723   1167   1168
   892   1168   1167
   653    893    989
   707   1169    893
   731    989   1169
   893   1169    989
   663    894    939
   776    896    894
   707    939    896
   894    896    939
   678    895    898
   731   1170    895
   776    898   1170
   895   1170    898
   707    896   1169
   776   1170    896
   731   1169   1170
   896   1170   1169
   660    897    886
   708   1171    897
   775    886   1171
   897   1171    886
   678    898    890
   776    900    898
   708    890    900
   898    900    890
   663    899    894
   775   1172    899
   776    894   1172
   899   1172    894
   708    900   1171
   776   1172    900
   775   1171   1172
   900   1172   1171
   644    901    949
   709   1173    901
   721    949   1173
   901   1173    949
   661    902    919
   777    904    902
   709    919    904
   902    904    919
   664    903    915
   721   1174    903
   777    915   1174
   903   1174    915
   709    904   1173
   777   1174    904
   721   1173   1174
   904   1174   1173
   647    905    925
   710   1175    905
   715    925   1175
   905   1175    925
   679    906   1063
   712    908    906
   710   1063    908
   906    908   1063
   661    907    913
   715   1176    907
   712    913   1176
   907   1176    913
   710    908   1175
   712   1176    908
   715   1175   1176
   908   1176   1175
   654    909   1069
   711   1177    909
   751   1069   1177
   909   1177   1069
   664    910    955
   778    912    910
   711    955    912
   910    912    955
   679    911    914
   751   1178    911
   778    914   1178
   911   1178    914
   711    912   1177
   778   1178    912
   751   1177   1178
   912   1178   1177
   661    913    902
   712   1179    913
   777    902   1179
   913   1179    902
   679    914    906
   778    916    914
   712    906    916
   914    916    906
   664    915    910
   777   1180    915
   778    910   1180
   915   1180    910
   712    916   1179
   778   1180    916
   777   1179   1180
   916   1180   1179
   644    917    901
   713   1181    917
   709    901   1181
   917   1181    901
   662    918    935
   779    920    918
   713    935    920
   918    920    935
   661    919    931
   709   1182    919
   779    931   1182
   919   1182    931
   713    920   1181
   779   1182    920
   709   1181   1182
   920   1182   1181
   650    921    941
   714   1183    921
   719    941   1183
   921   1183    941
   676    922    831
   716    924    922
   714    831    924
   922    924    831
   662    923    929
   719   1184    923
   716    929   1184
   923   1184    929
   714    924   1183
   716   1184    924
   719   1183   1184
   924   1184   1183
   647    925    825
   715   1185    925
   690    825   1185
   925   1185    825
   661    926    907
   780    928    926
   715    907    928
   926    928    907
   676    927    930
   690   1186    927
   780    930   1186
   927   1186    930
   715    928   1185
   780   1186    928
   690   1185   1186
   928   1186   1185
   662    929    918
   716   1187    929
   779    918   1187
   929   1187    918
   676    930    922
   780    932    930
   716    922    932
   930    932    922
   661    931    926
   779   1188    931
   780    926   1188
   931   1188    926
   716    932   1187
   780   1188    932
   779   1187   1188
   932   1188   1187
   644    933    917
   717   1189    933
   713    917   1189
   933   1189    917
   663    934    887
   781    936    934
   717    887    936
   934    936    887
   662    935    947
   713   1190    935
   781    947   1190
   935   1190    947
   717    936   1189
   781   1190    936
   713   1189   1190
   936   1190   1189
   653    937    893
   718   1191    937
   707    893   1191
   937   1191    893
   674    938   1115
   720    940    938
   718   1115    940
   938    940   1115
   663    939    945
   707   1192    939
   720    945   1192
   939   1192    945
   718    940   1191
   720   1192    940
   707   1191   1192
   940   1192   1191
   650    941   1109
   719   1193    941
   761   1109   1193
   941   1193   1109
   662    942    923
   782    944    942
   719    923    944
   942    944    923
   674    943    946
   761   1194    943
   782    946   1194
   943   1194    946
   719    944   1193
   782   1194    944
   761   1193   1194
   944   1194   1193
   663    945    934
   720   1195    945
   781    934   1195
   945   1195    934
   674    946    938
   782    948    946
   720    938    948
   946    948    938
   662    947    942
   781   1196    947
   782    942   1196
   947   1196    942
   720    948   1195
   782   1196    948
   781   1195   1196
   948   1196   1195
   644    949    885
   721   1197    949
   705    885   1197
   949   1197    885
   664    950    903
   783    952    950
   721    903    952
   950    952    903
   660    951    963
   705   1198    951
   783    963   1198
   951   1198    963
   721    952   1197
   783   1198    952
   705   1197   1198
   952   1198   1197
   654    953    909
   722   1199    953
   711    909   1199
   953   1199    909
   667    954   1003
   724    956    954
   722   1003    956
   954    956   1003
   664    955    961
   711   1200    955
   724    961   1200
   955   1200    961
   722    956   1199
   724   1200    956
   711   1199   1200
   956   1200   1199
   645    957    997
   723   1201    957
   733    997   1201
   957   1201    997
   660    958    891
   784    960    958
   723    891    960
   958    960    891
   667    959    962
   733   1202    959
   784    962   1202
   959   1202    962
   723    960   1201
   784   1202    960
   733   1201   1202
   960   1202   1201
   664    961    950
   724   1203    961
   783    950   1203
   961   1203    950
   667    962    954
   784    964    962
   724    954    964
   962    964    954
   660    963    958
   783   1204    963
   784    958   1204
   963   1204    958
   724    964   1203
   784   1204    964
   783   1203   1204
   964   1204   1203
   645    965    981
   725   1205    965
   729    981   1205
   965   1205    981
   665    966    999
   785    968    966
   725    999    968
   966    968    999
   666    967    979
   729   1206    967
   785    979   1206
   967   1206    979
   725    968   1205
   785   1206    968
   729   1205   1206
   968   1206   1205
   648    969   1005
   726   1207    969
   735   1005   1207
   969   1207   1005
   680    970   1039
   728    972    970
   726   1039    972
   970    972   1039
   665    971    977
   735   1208    971
   728    977   1208
   971   1208    977
   726    972   1207
   728   1208    972
   735   1207   1208
   972   1208   1207
   649    973   1033
   727   1209    973
   742   1033   1209
   973   1209   1033
   666    974    987
   786    976    974
   727    987    976
   974    976    987
   680    975    978
   742   1210    975
   786    978   1210
   975   1210    978
   727    976   1209
   786   1210    976
   742   1209   1210
   976   1210   1209
   665    977    966
   728   1211    977
   785    966   1211
   977   1211    966
   680    978    970
   786    980    978
   728    970    980
   978    980    970
   666    979    974
   785   1212    979
   786    974   1212
   979   1212    974
   728    980   1211
   786   1212    980
   785   1211   1212
   980   1212   1211
   645    981    889
   729   1213    981
   706    889   1213
   981   1213    889
   666    982    967
   787    984    982
   729    967    984
   982    984    967
   678    983    995
   706   1214    983
   787    995   1214
   983   1214    995
   729    984   1213
   787   1214    984
   706   1213   1214
   984   1214   1213
   649    985    973
   730   1215    985
   727    973   1215
   985   1215    973
   681    986   1095
   732    988    986
   730   1095    988
   986    988   1095
   666    987    993
   727   1216    987
   732    993   1216
   987   1216    993
   730    988   1215
   732   1216    988
   727   1215   1216
   988   1216   1215
   653    989   1101
   731   1217    989
   759   1101   1217
   989   1217   1101
   678    990    895
   788    992    990
   731    895    992
   990    992    895
   681    991    994
   759   1218    991
   788    994   1218
   991   1218    994
   731    992   1217
   788   1218    992
   759   1217   1218
   992   1218   1217
   666    993    982
   732   1219    993
   787    982   1219
   993   1219    982
   681    994    986
   788    996    994
   732    986    996
   994    996    986
   678    995    990
   787   1220    995
   788    990   1220
   995   1220    990
   732    996   1219
   788   1220    996
   787   1219   1220
   996   1220   1219
   645    997    965
   733   1221    997
   725    965   1221
   997   1221    965
   667    998    959
   789   1000    998
   733    959   1000
   998   1000    959
   665    999   1011
   725   1222    999
   789   1011   1222
   999   1222   1011
   733   1000   1221
   789   1222   1000
   725   1221   1222
  1000   1222   1221
   654   1001    953
   734   1223   1001
   722    953   1223
  1001   1223    953
   672   1002   1083
   736   1004   1002
   734   1083   1004
  1002   1004   1083
   667   1003   1009
   722   1224   1003
   736   1009   1224
  1003   1224   1009
   734   1004   1223
   736   1224   1004
   722   1223   1224
  1004   1224   1223
   648   1005   1077
   735   1225   1005
   753   1077   1225
  1005   1225   1077
   665   1006    971
   790   1008   1006
   735    971   1008
  1006   1008    971
   672   1007   1010
   753   1226   1007
   790   1010   1226
  1007   1226   1010
   735   1008   1225
   790   1226   1008
   753   1225   1226
  1008   1226   1225
   667   1009    998
   736   1227   1009
   789    998   1227
  1009   1227    998
   672   1010   1002
   790   1012   1010
   736   1002   1012
  1010   1012   1002
   665   1011   1006
   789   1228   1011
   790   1006   1228
  1011   1228   1006
   736   1012   1227
   790   1228   1012
   789   1227   1228
  1012   1228   1227
   646   1013    809
   737   1229   1013
   686    809   1229
  1013   1229    809
   668   1014   1031
   791   1016   1014
   737   1031   1016
  1014   1016   1031
   675   1015   1027
   686   1230   1015
   791   1027   1230
  1015   1230   1027
   737   1016   1229
   791   1230   1016
   686   1229   1230
  1016   1230   1229
   648   1017   1037
   738   1231   1017
   743   1037   1231
  1017   1231   1037
   682   1018   1079
   740   1020   1018
   738   1079   1020
  1018   1020   1079
   668   1019   1025
   743   1232   1019
   740   1025   1232
  1019   1232   1025
   738   1020   1231
   740   1232   1020
   743   1231   1232
  1020   1232   1231
   651   1021   1085
   739   1233   1021
   755   1085   1233
  1021   1233   1085
   675   1022    815
   792   1024   1022
   739    815   1024
  1022   1024    815
   682   1023   1026
   755   1234   1023
   792   1026   1234
  1023   1234   1026
   739   1024   1233
   792   1234   1024
   755   1233   1234
  1024   1234   1233
   668   1025   1014
   740   1235   1025
   791   1014   1235
  1025   1235   1014
   682   1026   1018
   792   1028   1026
   740   1018   1028
  1026   1028   1018
   675   1027   1022
   791   1236   1027
   792   1022   1236
  1027   1236   1022
   740   1028   1235
   792   1236   1028
   791   1235   1236
  1028   1236   1235
   646   1029   1013
   741   1237   1029
   737   1013   1237
  1029   1237   1013
   669   1030   1047
   793   1032   1030
   741   1047   1032
  1030   1032   1047
   668   1031   1043
   737   1238   1031
   793   1043   1238
  1031   1238   1043
   741   1032   1237
   793   1238   1032
   737   1237   1238
  1032   1238   1237
   649   1033   1053
   742   1239   1033
   747   1053   1239
  1033   1239   1053
   680   1034    975
   744   1036   1034
   742    975   1036
  1034   1036    975
   669   1035   1041
   747   1240   1035
   744   1041   1240
  1035   1240   1041
   742   1036   1239
   744   1240   1036
   747   1239   1240
  1036   1240   1239
   648   1037    969
   743   1241   1037
   726    969   1241
  1037   1241    969
   668   1038   1019
   794   1040   1038
   743   1019   1040
  1038   1040   1019
   680   1039   1042
   726   1242   1039
   794   1042   1242
  1039   1242   1042
   743   1040   1241
   794   1242   1040
   726   1241   1242
  1040   1242   1241
   669   1041   1030
   744   1243   1041
   793   1030   1243
  1041   1243   1030
   680   1042   1034
   794   1044   1042
   744   1034   1044
  1042   1044   1034
   668   1043   1038
   793   1244   1043
   794   1038   1244
  1043   1244   1038
   744   1044   1243
   794   1244   1044
   793   1243   1244
  1044   1244   1243
   646   1045   1029
   745   1245   1045
   741   1029   1245
  1045   1245   1029
   670   1046    879
   795   1048   1046
   745    879   1048
  1046   1048    879
   669   1047   1059
   741   1246   1047
   795   1059   1246
  1047   1246   1059
   745   1048   1245
   795   1246   1048
   741   1245   1246
  1048   1246   1245
   652   1049    873
   746   1247   1049
   702    873   1247
  1049   1247    873
   673   1050   1099
   748   1052   1050
   746   1099   1052
  1050   1052   1099
   670   1051   1057
   702   1248   1051
   748   1057   1248
  1051   1248   1057
   746   1052   1247
   748   1248   1052
   702   1247   1248
  1052   1248   1247
   649   1053   1093
   747   1249   1053
   757   1093   1249
  1053   1249   1093
   669   1054   1035
   796   1056   1054
   747   1035   1056
  1054   1056   1035
   673   1055   1058
   757   1250   1055
   796   1058   1250
  1055   1250   1058
   747   1056   1249
   796   1250   1056
   757   1249   1250
  1056   1250   1249
   670   1057   1046
   748   1251   1057
   795   1046   1251
  1057   1251   1046
   673   1058   1050
   796   1060   1058
   748   1050   1060
  1058   1060   1050
   669   1059   1054
   795   1252   1059
   796   1054   1252
  1059   1252   1054
   748   1060   1251
   796   1252   1060
   795   1251   1252
  1060   1252   1251
   647   1061    905
   749   1253   1061
   710    905   1253
  1061   1253    905
   671   1062    863
   797   1064   1062
   749    863   1064
  1062   1064    863
   679   1063   1075
   710   1254   1063
   797   1075   1254
  1063   1254   1075
   749   1064   1253
   797   1254   1064
   710   1253   1254
  1064   1254   1253
   651   1065    857
   750   1255   1065
   698    857   1255
  1065   1255    857
   683   1066   1087
   752   1068   1066
   750   1087   1068
  1066   1068   1087
   671   1067   1073
   698   1256   1067
   752   1073   1256
  1067   1256   1073
   750   1068   1255
   752   1256   1068
   698   1255   1256
  1068   1256   1255
   654   1069   1081
   751   1257   1069
   754   1081   1257
  1069   1257   1081
   679   1070    911
   798   1072   1070
   751    911   1072
  1070   1072    911
   683   1071   1074
   754   1258   1071
   798   1074   1258
  1071   1258   1074
   751   1072   1257
   798   1258   1072
   754   1257   1258
  1072   1258   1257
   671   1073   1062
   752   1259   1073
   797   1062   1259
  1073   1259   1062
   683   1074   1066
   798   1076   1074
   752   1066   1076
  1074   1076   1066
   679   1075   1070
   797   1260   1075
   798   1070   1260
  1075   1260   1070
   752   1076   1259
   798   1260   1076
   797   1259   1260
  1076   1260   1259
   648   1077   1017
   753   1261   1077
   738   1017   1261
  1077   1261   1017
   672   1078   1007
   799   1080   1078
   753   1007   1080
  1078   1080   1007
   682   1079   1091
   738   1262   1079
   799   1091   1262
  1079   1262   1091
   753   1080   1261
   799   1262   1080
   738   1261   1262
  1080   1262   1261
   654   1081   1001
   754   1263   1081
   734   1001   1263
  1081   1263   1001
   683   1082   1071
   756   1084   1082
   754   1071   1084
  1082   1084   1071
   672   1083   1089
   734   1264   1083
   756   1089   1264
  1083   1264   1089
   754   1084   1263
   756   1264   1084
   734   1263   1264
  1084   1264   1263
   651   1085   1065
   755   1265   1085
   750   1065   1265
  1085   1265   1065
   682   1086   1023
   800   1088   1086
   755   1023   1088
  1086   1088   1023
   683   1087   1090
   750   1266   1087
   800   1090   1266
  1087   1266   1090
   755   1088   1265
   800   1266   1088
   750   1265   1266
  1088   1266   1265
   672   1089   1078
   756   1267   1089
   799   1078   1267
  1089   1267   1078
   683   1090   1082
   800   1092   1090
   756   1082   1092
  1090   1092   1082
   682   1091   1086
   799   1268   1091
   800   1086   1268
  1091   1268   1086
   756   1092   1267
   800   1268   1092
   799   1267   1268
  1092   1268   1267
   649   1093    985
   757   1269   1093
   730    985   1269
  1093   1269    985
   673   1094   1055
   801   1096   1094
   757   1055   1096
  1094   1096   1055
   681   1095   1107
   730   1270   1095
   801   1107   1270
  1095   1270   1107
   757   1096   1269
   801   1270   1096
   730   1269   1270
  1096   1270   1269
   652   1097   1049
   758   1271   1097
   746   1049   1271
  1097   1271   1049
   684   1098   1119
   760   1100   1098
   758   1119   1100
  1098   1100   1119
   673   1099   1105
   746   1272   1099
   760   1105   1272
  1099   1272   1105
   758   1100   1271
   760   1272   1100
   746   1271   1272
  1100   1272   1271
   653   1101   1113
   759   1273   1101
   762   1113   1273
  1101   1273   1113
   681   1102    991
   802   1104   1102
   759    991   1104
  1102   1104    991
   684   1103   1106
   762   1274   1103
   802   1106   1274
  1103   1274   1106
   759   1104   1273
   802   1274   1104
   762   1273   1274
  1104   1274   1273
   673   1105   1094
   760   1275   1105
   801   1094   1275
  1105   1275   1094
   684   1106   1098
   802   1108   1106
   760   1098   1108
  1106   1108   1098
   681   1107   1102
   801   1276   1107
   802   1102   1276
  1107   1276   1102
   760   1108   1275
   802   1276   1108
   801   1275   1276
  1108   1276   1275
   650   1109    841
   761   1277   1109
   694    841   1277
  1109   1277    841
   674   1110    943
   803   1112   1110
   761    943   1112
  1110   1112    943
   677   1111   1123
   694   1278   1111
   803   1123   1278
  1111   1278   1123
   761   1112   1277
   803   1278   1112
   694   1277   1278
  1112   1278   1277
   653   1113    937
   762   1279   1113
   718    937   1279
  1113   1279    937
   684   1114   1103
   764   1116   1114
   762   1103   1116
  1114   1116   1103
   674   1115   1121
   718   1280   1115
   764   1121   1280
  1115   1280   1121
   762   1116   1279
   764   1280   1116
   718   1279   1280
  1116   1280   1279
   652   1117   1097
   763   1281   1117
   758   1097   1281
  1117   1281   1097
   677   1118    847
   804   1120   1118
   763    847   1120
  1118   1120    847
   684   1119   1122
   758   1282   1119
   804   1122   1282
  1119   1282   1122
   763   1120   1281
   804   1282   1120
   758   1281   1282
  1120   1282   1281
   674   1121   1110
   764   1283   1121
   803   1110   1283
  1121   1283   1110
   684   1122   1114
   804   1124   1122
   764   1114   1124
  1122   1124   1114
   677   1123   1118
   803   1284   1123
   804   1118   1284
  1123   1284   1118
   764   1124   1283
   804   1284   1124
   803   1283   1284
  1124   1284   1283
