&vertexinfo nvertex = 42, ndimension = 3, &end
  0.000000000000   0.262865556060   0.425325404176
  0.000000000000   0.262865556060  -0.425325404176
  0.000000000000  -0.262865556060  -0.425325404176
  0.000000000000  -0.262865556060   0.425325404176
  0.262865556060   0.425325404176   0.000000000000
  0.262865556060  -0.425325404176   0.000000000000
 -0.262865556060  -0.425325404176   0.000000000000
 -0.262865556060   0.425325404176   0.000000000000
  0.425325404176   0.000000000000   0.262865556060
 -0.425325404176   0.000000000000   0.262865556060
 -0.425325404176   0.000000000000  -0.262865556060
  0.425325404176   0.000000000000  -0.262865556060
  0.000000000000   0.000000000000   0.500000000000
  0.154508497188   0.404508497187   0.250000000000
 -0.154508497188   0.404508497187   0.250000000000
  0.250000000000   0.154508497188   0.404508497187
 -0.250000000000   0.154508497188   0.404508497187
  0.000000000000   0.000000000000  -0.500000000000
  0.154508497188   0.404508497187  -0.250000000000
 -0.154508497188   0.404508497187  -0.250000000000
 -0.250000000000   0.154508497188  -0.404508497187
  0.250000000000   0.154508497188  -0.404508497187
  0.154508497188  -0.404508497187  -0.250000000000
 -0.154508497188  -0.404508497187  -0.250000000000
  0.250000000000  -0.154508497188  -0.404508497187
  0.154508497188  -0.404508497187   0.250000000000
 -0.154508497188  -0.404508497187   0.250000000000
 -0.250000000000  -0.154508497188   0.404508497187
  0.404508497187   0.250000000000   0.154508497188
  0.404508497187  -0.250000000000  -0.154508497188
 -0.404508497187  -0.250000000000   0.154508497188
 -0.404508497187   0.250000000000  -0.154508497188
  0.250000000000  -0.154508497188   0.404508497187
  0.000000000000   0.500000000000   0.000000000000
 -0.404508497187   0.250000000000   0.154508497188
 -0.250000000000  -0.154508497188  -0.404508497187
  0.404508497187   0.250000000000  -0.154508497188
  0.000000000000  -0.500000000000   0.000000000000
 -0.404508497187  -0.250000000000  -0.154508497188
  0.404508497187  -0.250000000000   0.154508497188
  0.500000000000   0.000000000000   0.000000000000
 -0.500000000000   0.000000000000   0.000000000000
