&vertexinfo nvertex = 162, ndimension = 3, &end
  0.000000000000   0.262865556060   0.425325404176
  0.000000000000   0.262865556060  -0.425325404176
  0.000000000000  -0.262865556060  -0.425325404176
  0.000000000000  -0.262865556060   0.425325404176
  0.262865556060   0.425325404176   0.000000000000
  0.262865556060  -0.425325404176   0.000000000000
 -0.262865556060  -0.425325404176   0.000000000000
 -0.262865556060   0.425325404176   0.000000000000
  0.425325404176   0.000000000000   0.262865556060
 -0.425325404176   0.000000000000   0.262865556060
 -0.425325404176   0.000000000000  -0.262865556060
  0.425325404176   0.000000000000  -0.262865556060
  0.000000000000   0.000000000000   0.500000000000
  0.154508497188   0.404508497187   0.250000000000
 -0.154508497188   0.404508497187   0.250000000000
  0.250000000000   0.154508497188   0.404508497187
 -0.250000000000   0.154508497188   0.404508497187
  0.000000000000   0.000000000000  -0.500000000000
  0.154508497188   0.404508497187  -0.250000000000
 -0.154508497188   0.404508497187  -0.250000000000
 -0.250000000000   0.154508497188  -0.404508497187
  0.250000000000   0.154508497188  -0.404508497187
  0.154508497188  -0.404508497187  -0.250000000000
 -0.154508497188  -0.404508497187  -0.250000000000
  0.250000000000  -0.154508497188  -0.404508497187
  0.154508497188  -0.404508497187   0.250000000000
 -0.154508497188  -0.404508497187   0.250000000000
 -0.250000000000  -0.154508497188   0.404508497187
  0.404508497187   0.250000000000   0.154508497188
  0.404508497187  -0.250000000000  -0.154508497188
 -0.404508497187  -0.250000000000   0.154508497188
 -0.404508497187   0.250000000000  -0.154508497188
  0.250000000000  -0.154508497188   0.404508497187
  0.000000000000   0.500000000000   0.000000000000
 -0.404508497187   0.250000000000   0.154508497188
 -0.250000000000  -0.154508497188  -0.404508497187
  0.404508497187   0.250000000000  -0.154508497188
  0.000000000000  -0.500000000000   0.000000000000
 -0.404508497187  -0.250000000000  -0.154508497188
  0.404508497187  -0.250000000000   0.154508497188
  0.500000000000   0.000000000000   0.000000000000
 -0.500000000000   0.000000000000   0.000000000000
  0.000000000000   0.136633264457   0.480969178892
  0.129945956504  -0.216944282277   0.431334240208
  0.351023222388   0.080311017820   0.346890238780
  0.131432778030  -0.081229924058   0.475528258147
  0.080311017820   0.346890238780   0.351023222388
  0.136633264457   0.480969178892   0.000000000000
 -0.216944282277   0.431334240208   0.129945956504
  0.081229924058   0.475528258147   0.131432778030
 -0.080311017820   0.346890238780   0.351023222388
 -0.346890238780   0.351023222388   0.080311017820
 -0.351023222388   0.080311017820   0.346890238780
 -0.293892626146   0.344095480118   0.212662702088
  0.129945956504   0.216944282277   0.431334240208
  0.431334240208   0.129945956504   0.216944282277
  0.216944282277   0.431334240208   0.129945956504
  0.344095480118   0.212662702088   0.293892626146
 -0.129945956504   0.216944282277   0.431334240208
 -0.351023222388  -0.080311017820   0.346890238780
  0.000000000000  -0.136633264457   0.480969178892
 -0.262865556060   0.000000000000   0.425325404176
  0.000000000000   0.136633264457  -0.480969178892
 -0.129945956504  -0.216944282277  -0.431334240208
 -0.351023222388   0.080311017820  -0.346890238780
 -0.131432778030  -0.081229924058  -0.475528258147
  0.080311017820   0.346890238780  -0.351023222388
  0.346890238780   0.351023222388  -0.080311017820
  0.351023222388   0.080311017820  -0.346890238780
  0.293892626146   0.344095480118  -0.212662702088
 -0.080311017820   0.346890238780  -0.351023222388
 -0.136633264457   0.480969178892   0.000000000000
  0.216944282277   0.431334240208  -0.129945956504
 -0.081229924058   0.475528258147  -0.131432778030
 -0.129945956504   0.216944282277  -0.431334240208
 -0.431334240208   0.129945956504  -0.216944282277
 -0.216944282277   0.431334240208  -0.129945956504
 -0.344095480118   0.212662702088  -0.293892626146
  0.129945956504   0.216944282277  -0.431334240208
  0.351023222388  -0.080311017820  -0.346890238780
  0.000000000000  -0.136633264457  -0.480969178892
  0.262865556060   0.000000000000  -0.425325404176
  0.080311017820  -0.346890238780  -0.351023222388
  0.136633264457  -0.480969178892   0.000000000000
 -0.216944282277  -0.431334240208  -0.129945956504
  0.081229924058  -0.475528258147  -0.131432778030
 -0.080311017820  -0.346890238780  -0.351023222388
 -0.346890238780  -0.351023222388  -0.080311017820
 -0.351023222388  -0.080311017820  -0.346890238780
 -0.293892626146  -0.344095480118  -0.212662702088
  0.129945956504  -0.216944282277  -0.431334240208
  0.431334240208  -0.129945956504  -0.216944282277
  0.216944282277  -0.431334240208  -0.129945956504
  0.344095480118  -0.212662702088  -0.293892626146
  0.080311017820  -0.346890238780   0.351023222388
  0.346890238780  -0.351023222388   0.080311017820
  0.351023222388  -0.080311017820   0.346890238780
  0.293892626146  -0.344095480118   0.212662702088
 -0.080311017820  -0.346890238780   0.351023222388
 -0.136633264457  -0.480969178892   0.000000000000
  0.216944282277  -0.431334240208   0.129945956504
 -0.081229924058  -0.475528258147   0.131432778030
 -0.129945956504  -0.216944282277   0.431334240208
 -0.431334240208  -0.129945956504   0.216944282277
 -0.216944282277  -0.431334240208   0.129945956504
 -0.344095480118  -0.212662702088   0.293892626146
  0.346890238780   0.351023222388   0.080311017820
  0.480969178892   0.000000000000   0.136633264457
  0.431334240208   0.129945956504  -0.216944282277
  0.475528258147   0.131432778030   0.081229924058
  0.346890238780  -0.351023222388  -0.080311017820
  0.480969178892   0.000000000000  -0.136633264457
  0.431334240208  -0.129945956504   0.216944282277
  0.475528258147  -0.131432778030  -0.081229924058
 -0.346890238780  -0.351023222388   0.080311017820
 -0.480969178892   0.000000000000   0.136633264457
 -0.431334240208  -0.129945956504  -0.216944282277
 -0.475528258147  -0.131432778030   0.081229924058
 -0.346890238780   0.351023222388  -0.080311017820
 -0.480969178892   0.000000000000  -0.136633264457
 -0.431334240208   0.129945956504   0.216944282277
 -0.475528258147   0.131432778030  -0.081229924058
  0.131432778030   0.081229924058   0.475528258147
  0.262865556060   0.000000000000   0.425325404176
  0.000000000000   0.425325404176   0.262865556060
 -0.081229924058   0.475528258147   0.131432778030
 -0.212662702088   0.293892626146   0.344095480118
 -0.344095480118   0.212662702088   0.293892626146
  0.212662702088   0.293892626146   0.344095480118
  0.293892626146   0.344095480118   0.212662702088
 -0.131432778030   0.081229924058   0.475528258147
 -0.131432778030  -0.081229924058   0.475528258147
 -0.131432778030   0.081229924058  -0.475528258147
 -0.262865556060   0.000000000000  -0.425325404176
  0.212662702088   0.293892626146  -0.344095480118
  0.344095480118   0.212662702088  -0.293892626146
  0.000000000000   0.425325404176  -0.262865556060
  0.081229924058   0.475528258147  -0.131432778030
 -0.212662702088   0.293892626146  -0.344095480118
 -0.293892626146   0.344095480118  -0.212662702088
  0.131432778030   0.081229924058  -0.475528258147
  0.131432778030  -0.081229924058  -0.475528258147
  0.000000000000  -0.425325404176  -0.262865556060
 -0.081229924058  -0.475528258147  -0.131432778030
 -0.212662702088  -0.293892626146  -0.344095480118
 -0.344095480118  -0.212662702088  -0.293892626146
  0.212662702088  -0.293892626146  -0.344095480118
  0.293892626146  -0.344095480118  -0.212662702088
  0.212662702088  -0.293892626146   0.344095480118
  0.344095480118  -0.212662702088   0.293892626146
  0.000000000000  -0.425325404176   0.262865556060
  0.081229924058  -0.475528258147   0.131432778030
 -0.212662702088  -0.293892626146   0.344095480118
 -0.293892626146  -0.344095480118   0.212662702088
  0.425325404176   0.262865556060   0.000000000000
  0.475528258147   0.131432778030  -0.081229924058
  0.425325404176  -0.262865556060   0.000000000000
  0.475528258147  -0.131432778030   0.081229924058
 -0.425325404176  -0.262865556060   0.000000000000
 -0.475528258147  -0.131432778030  -0.081229924058
 -0.425325404176   0.262865556060   0.000000000000
 -0.475528258147   0.131432778030   0.081229924058
