&vertexinfo nvertex =    642, ndimension =      3, &end
  0.000000000000   0.525731112119   0.850650808352
  0.000000000000   0.525731112119  -0.850650808352
  0.000000000000  -0.525731112119  -0.850650808352
  0.000000000000  -0.525731112119   0.850650808352
  0.525731112119   0.850650808352   0.000000000000
  0.525731112119  -0.850650808352   0.000000000000
 -0.525731112119  -0.850650808352   0.000000000000
 -0.525731112119   0.850650808352   0.000000000000
  0.850650808352   0.000000000000   0.525731112119
 -0.850650808352   0.000000000000   0.525731112119
 -0.850650808352   0.000000000000  -0.525731112119
  0.850650808352   0.000000000000  -0.525731112119
  0.000000000000   0.000000000000   1.000000000000
  0.309016994375   0.809016994375   0.500000000000
 -0.309016994375   0.809016994375   0.500000000000
  0.500000000000   0.309016994375   0.809016994375
 -0.500000000000   0.309016994375   0.809016994375
  0.000000000000   0.000000000000  -1.000000000000
  0.309016994375   0.809016994375  -0.500000000000
 -0.309016994375   0.809016994375  -0.500000000000
 -0.500000000000   0.309016994375  -0.809016994375
  0.500000000000   0.309016994375  -0.809016994375
  0.309016994375  -0.809016994375  -0.500000000000
 -0.309016994375  -0.809016994375  -0.500000000000
  0.500000000000  -0.309016994375  -0.809016994375
  0.309016994375  -0.809016994375   0.500000000000
 -0.309016994375  -0.809016994375   0.500000000000
 -0.500000000000  -0.309016994375   0.809016994375
  0.809016994375   0.500000000000   0.309016994375
  0.809016994375  -0.500000000000  -0.309016994375
 -0.809016994375  -0.500000000000   0.309016994375
 -0.809016994375   0.500000000000  -0.309016994375
  0.500000000000  -0.309016994375   0.809016994375
  0.000000000000   1.000000000000   0.000000000000
 -0.809016994375   0.500000000000   0.309016994375
 -0.500000000000  -0.309016994375  -0.809016994375
  0.809016994375   0.500000000000  -0.309016994375
  0.000000000000  -1.000000000000   0.000000000000
 -0.809016994375  -0.500000000000  -0.309016994375
  0.809016994375  -0.500000000000   0.309016994375
  1.000000000000   0.000000000000   0.000000000000
 -1.000000000000   0.000000000000   0.000000000000
  0.000000000000   0.273266528913   0.961938357784
  0.259891913008  -0.433888564553   0.862668480416
  0.702046444776   0.160622035640   0.693780477560
  0.262865556060  -0.162459848116   0.951056516295
  0.160622035640   0.693780477560   0.702046444776
  0.273266528913   0.961938357784   0.000000000000
 -0.433888564553   0.862668480416   0.259891913008
  0.162459848116   0.951056516295   0.262865556060
 -0.160622035640   0.693780477560   0.702046444776
 -0.693780477560   0.702046444776   0.160622035640
 -0.702046444776   0.160622035640   0.693780477560
 -0.587785252292   0.688190960236   0.425325404176
  0.259891913008   0.433888564553   0.862668480416
  0.862668480416   0.259891913008   0.433888564553
  0.433888564553   0.862668480416   0.259891913008
  0.688190960236   0.425325404176   0.587785252292
 -0.259891913008   0.433888564553   0.862668480416
 -0.702046444776  -0.160622035640   0.693780477560
  0.000000000000  -0.273266528913   0.961938357784
 -0.525731112119   0.000000000000   0.850650808352
  0.000000000000   0.273266528913  -0.961938357784
 -0.259891913008  -0.433888564553  -0.862668480416
 -0.702046444776   0.160622035640  -0.693780477560
 -0.262865556060  -0.162459848116  -0.951056516295
  0.160622035640   0.693780477560  -0.702046444776
  0.693780477560   0.702046444776  -0.160622035640
  0.702046444776   0.160622035640  -0.693780477560
  0.587785252292   0.688190960236  -0.425325404176
 -0.160622035640   0.693780477560  -0.702046444776
 -0.273266528913   0.961938357784   0.000000000000
  0.433888564553   0.862668480416  -0.259891913008
 -0.162459848116   0.951056516295  -0.262865556060
 -0.259891913008   0.433888564553  -0.862668480416
 -0.862668480416   0.259891913008  -0.433888564553
 -0.433888564553   0.862668480416  -0.259891913008
 -0.688190960236   0.425325404176  -0.587785252292
  0.259891913008   0.433888564553  -0.862668480416
  0.702046444776  -0.160622035640  -0.693780477560
  0.000000000000  -0.273266528913  -0.961938357784
  0.525731112119   0.000000000000  -0.850650808352
  0.160622035640  -0.693780477560  -0.702046444776
  0.273266528913  -0.961938357784   0.000000000000
 -0.433888564553  -0.862668480416  -0.259891913008
  0.162459848116  -0.951056516295  -0.262865556060
 -0.160622035640  -0.693780477560  -0.702046444776
 -0.693780477560  -0.702046444776  -0.160622035640
 -0.702046444776  -0.160622035640  -0.693780477560
 -0.587785252292  -0.688190960236  -0.425325404176
  0.259891913008  -0.433888564553  -0.862668480416
  0.862668480416  -0.259891913008  -0.433888564553
  0.433888564553  -0.862668480416  -0.259891913008
  0.688190960236  -0.425325404176  -0.587785252292
  0.160622035640  -0.693780477560   0.702046444776
  0.693780477560  -0.702046444776   0.160622035640
  0.702046444776  -0.160622035640   0.693780477560
  0.587785252292  -0.688190960236   0.425325404176
 -0.160622035640  -0.693780477560   0.702046444776
 -0.273266528913  -0.961938357784   0.000000000000
  0.433888564553  -0.862668480416   0.259891913008
 -0.162459848116  -0.951056516295   0.262865556060
 -0.259891913008  -0.433888564553   0.862668480416
 -0.862668480416  -0.259891913008   0.433888564553
 -0.433888564553  -0.862668480416   0.259891913008
 -0.688190960236  -0.425325404176   0.587785252292
  0.693780477560   0.702046444776   0.160622035640
  0.961938357784   0.000000000000   0.273266528913
  0.862668480416   0.259891913008  -0.433888564553
  0.951056516295   0.262865556060   0.162459848116
  0.693780477560  -0.702046444776  -0.160622035640
  0.961938357784   0.000000000000  -0.273266528913
  0.862668480416  -0.259891913008   0.433888564553
  0.951056516295  -0.262865556060  -0.162459848116
 -0.693780477560  -0.702046444776   0.160622035640
 -0.961938357784   0.000000000000   0.273266528913
 -0.862668480416  -0.259891913008  -0.433888564553
 -0.951056516295  -0.262865556060   0.162459848116
 -0.693780477560   0.702046444776  -0.160622035640
 -0.961938357784   0.000000000000  -0.273266528913
 -0.862668480416   0.259891913008   0.433888564553
 -0.951056516295   0.262865556060  -0.162459848116
  0.262865556060   0.162459848116   0.951056516295
  0.525731112119   0.000000000000   0.850650808352
  0.000000000000   0.850650808352   0.525731112119
 -0.162459848116   0.951056516295   0.262865556060
 -0.425325404176   0.587785252292   0.688190960236
 -0.688190960236   0.425325404176   0.587785252292
  0.425325404176   0.587785252292   0.688190960236
  0.587785252292   0.688190960236   0.425325404176
 -0.262865556060   0.162459848116   0.951056516295
 -0.262865556060  -0.162459848116   0.951056516295
 -0.262865556060   0.162459848116  -0.951056516295
 -0.525731112119   0.000000000000  -0.850650808352
  0.425325404176   0.587785252292  -0.688190960236
  0.688190960236   0.425325404176  -0.587785252292
  0.000000000000   0.850650808352  -0.525731112119
  0.162459848116   0.951056516295  -0.262865556060
 -0.425325404176   0.587785252292  -0.688190960236
 -0.587785252292   0.688190960236  -0.425325404176
  0.262865556060   0.162459848116  -0.951056516295
  0.262865556060  -0.162459848116  -0.951056516295
  0.000000000000  -0.850650808352  -0.525731112119
 -0.162459848116  -0.951056516295  -0.262865556060
 -0.425325404176  -0.587785252292  -0.688190960236
 -0.688190960236  -0.425325404176  -0.587785252292
  0.425325404176  -0.587785252292  -0.688190960236
  0.587785252292  -0.688190960236  -0.425325404176
  0.425325404176  -0.587785252292   0.688190960236
  0.688190960236  -0.425325404176   0.587785252292
  0.000000000000  -0.850650808352   0.525731112119
  0.162459848116  -0.951056516295   0.262865556060
 -0.425325404176  -0.587785252292   0.688190960236
 -0.587785252292  -0.688190960236   0.425325404176
  0.850650808352   0.525731112119   0.000000000000
  0.951056516295   0.262865556060  -0.162459848116
  0.850650808352  -0.525731112119   0.000000000000
  0.951056516295  -0.262865556060   0.162459848116
 -0.850650808352  -0.525731112119   0.000000000000
 -0.951056516295  -0.262865556060  -0.162459848116
 -0.850650808352   0.525731112119   0.000000000000
 -0.951056516295   0.262865556060   0.162459848116
  0.000000000000   0.403355348617   0.915043421233
  0.133071104141   0.082242465279   0.987688340595
  0.383613732685   0.375038567478   0.843911474622
  0.132792476828   0.220117027473   0.966392597402
  0.131200378813  -0.484441642061   0.864929335863
  0.386187385588  -0.238676930320   0.891006524188
  0.000000000000  -0.137952242128   0.990438881957
  0.264082750659  -0.301258879093   0.916244175191
  0.783843042420   0.081086293443   0.615642020874
  0.519258489728   0.156434465040   0.840177885327
  0.606825149272  -0.237086325351   0.758652300163
  0.620239582613   0.081141851620   0.780204370710
  0.133071104141  -0.082242465279   0.987688340595
  0.519258489728  -0.156434465040   0.840177885327
  0.386187385588   0.238676930320   0.891006524188
  0.399607051702  -0.082323580032   0.912982492932
  0.081086293443   0.615642020874   0.783843042420
  0.156434465040   0.840177885327   0.519258489728
 -0.237086325351   0.758652300163   0.606825149272
  0.081141851620   0.780204370710   0.620239582613
  0.403355348617   0.915043421233   0.000000000000
  0.082242465279   0.987688340595   0.133071104141
  0.375038567478   0.843911474622   0.383613732685
  0.220117027473   0.966392597402   0.132792476828
 -0.484441642061   0.864929335863   0.131200378813
 -0.238676930320   0.891006524188   0.386187385588
 -0.137952242128   0.990438881957   0.000000000000
 -0.301258879093   0.916244175191   0.264082750659
  0.238676930320   0.891006524188   0.386187385588
 -0.082242465279   0.987688340595   0.133071104141
 -0.156434465040   0.840177885327   0.519258489728
  0.000000000000   0.963861263468   0.266404701135
 -0.081086293443   0.615642020874   0.783843042420
 -0.371748034460   0.707106781187   0.601500955008
 -0.383613732685   0.375038567478   0.843911474622
 -0.296004592578   0.647411893882   0.702309846743
 -0.615642020874   0.783843042420   0.081086293443
 -0.707106781187   0.601500955008   0.371748034460
 -0.375038567478   0.843911474622   0.383613732685
 -0.647411893882   0.702309846743   0.296004592578
 -0.783843042420   0.081086293443   0.615642020874
 -0.601500955008   0.371748034460   0.707106781187
 -0.843911474622   0.383613732685   0.375038567478
 -0.702309846743   0.296004592578   0.647411893882
 -0.453990499740   0.757935420048   0.468429850867
 -0.757935420048   0.468429850867   0.453990499740
 -0.468429850867   0.453990499740   0.757935420048
 -0.646577791798   0.564254211766   0.513375441230
  0.131200378813   0.484441642061   0.864929335863
  0.468429850867   0.453990499740   0.757935420048
  0.237086325351   0.758652300163   0.606825149272
  0.346153014789   0.516121620051   0.783451698363
  0.864929335863   0.131200378813   0.484441642061
  0.757935420048   0.468429850867   0.453990499740
  0.606825149272   0.237086325351   0.758652300163
  0.783451698363   0.346153014789   0.516121620051
  0.484441642061   0.864929335863   0.131200378813
  0.453990499740   0.757935420048   0.468429850867
  0.758652300163   0.606825149272   0.237086325351
  0.516121620051   0.783451698363   0.346153014789
  0.601500955008   0.371748034460   0.707106781187
  0.707106781187   0.601500955008   0.371748034460
  0.371748034460   0.707106781187   0.601500955008
  0.646577791798   0.564254211766   0.513375441230
 -0.131200378813   0.484441642061   0.864929335863
 -0.386187385588   0.238676930320   0.891006524188
  0.000000000000   0.137952242128   0.990438881957
 -0.264082750659   0.301258879093   0.916244175191
 -0.783843042420  -0.081086293443   0.615642020874
 -0.519258489728  -0.156434465040   0.840177885327
 -0.606825149272   0.237086325351   0.758652300163
 -0.620239582613  -0.081141851620   0.780204370710
  0.000000000000  -0.403355348617   0.915043421233
 -0.133071104141  -0.082242465279   0.987688340595
 -0.383613732685  -0.375038567478   0.843911474622
 -0.132792476828  -0.220117027473   0.966392597402
 -0.519258489728   0.156434465040   0.840177885327
 -0.386187385588  -0.238676930320   0.891006524188
 -0.133071104141   0.082242465279   0.987688340595
 -0.399607051702  -0.082323580032   0.912982492932
  0.000000000000   0.403355348617  -0.915043421233
 -0.133071104141   0.082242465279  -0.987688340595
 -0.383613732685   0.375038567478  -0.843911474622
 -0.132792476828   0.220117027473  -0.966392597402
 -0.131200378813  -0.484441642061  -0.864929335863
 -0.386187385588  -0.238676930320  -0.891006524188
  0.000000000000  -0.137952242128  -0.990438881957
 -0.264082750659  -0.301258879093  -0.916244175191
 -0.783843042420   0.081086293443  -0.615642020874
 -0.519258489728   0.156434465040  -0.840177885327
 -0.606825149272  -0.237086325351  -0.758652300163
 -0.620239582613   0.081141851620  -0.780204370710
 -0.133071104141  -0.082242465279  -0.987688340595
 -0.519258489728  -0.156434465040  -0.840177885327
 -0.386187385588   0.238676930320  -0.891006524188
 -0.399607051702  -0.082323580032  -0.912982492932
  0.081086293443   0.615642020874  -0.783843042420
  0.371748034460   0.707106781187  -0.601500955008
  0.383613732685   0.375038567478  -0.843911474622
  0.296004592578   0.647411893882  -0.702309846743
  0.615642020874   0.783843042420  -0.081086293443
  0.707106781187   0.601500955008  -0.371748034460
  0.375038567478   0.843911474622  -0.383613732685
  0.647411893882   0.702309846743  -0.296004592578
  0.783843042420   0.081086293443  -0.615642020874
  0.601500955008   0.371748034460  -0.707106781187
  0.843911474622   0.383613732685  -0.375038567478
  0.702309846743   0.296004592578  -0.647411893882
  0.453990499740   0.757935420048  -0.468429850867
  0.757935420048   0.468429850867  -0.453990499740
  0.468429850867   0.453990499740  -0.757935420048
  0.646577791798   0.564254211766  -0.513375441230
 -0.081086293443   0.615642020874  -0.783843042420
 -0.156434465040   0.840177885327  -0.519258489728
  0.237086325351   0.758652300163  -0.606825149272
 -0.081141851620   0.780204370710  -0.620239582613
 -0.403355348617   0.915043421233   0.000000000000
 -0.082242465279   0.987688340595  -0.133071104141
 -0.375038567478   0.843911474622  -0.383613732685
 -0.220117027473   0.966392597402  -0.132792476828
  0.484441642061   0.864929335863  -0.131200378813
  0.238676930320   0.891006524188  -0.386187385588
  0.137952242128   0.990438881957   0.000000000000
  0.301258879093   0.916244175191  -0.264082750659
 -0.238676930320   0.891006524188  -0.386187385588
  0.082242465279   0.987688340595  -0.133071104141
  0.156434465040   0.840177885327  -0.519258489728
  0.000000000000   0.963861263468  -0.266404701135
 -0.131200378813   0.484441642061  -0.864929335863
 -0.468429850867   0.453990499740  -0.757935420048
 -0.237086325351   0.758652300163  -0.606825149272
 -0.346153014789   0.516121620051  -0.783451698363
 -0.864929335863   0.131200378813  -0.484441642061
 -0.757935420048   0.468429850867  -0.453990499740
 -0.606825149272   0.237086325351  -0.758652300163
 -0.783451698363   0.346153014789  -0.516121620051
 -0.484441642061   0.864929335863  -0.131200378813
 -0.453990499740   0.757935420048  -0.468429850867
 -0.758652300163   0.606825149272  -0.237086325351
 -0.516121620051   0.783451698363  -0.346153014789
 -0.601500955008   0.371748034460  -0.707106781187
 -0.707106781187   0.601500955008  -0.371748034460
 -0.371748034460   0.707106781187  -0.601500955008
 -0.646577791798   0.564254211766  -0.513375441230
  0.131200378813   0.484441642061  -0.864929335863
  0.386187385588   0.238676930320  -0.891006524188
  0.000000000000   0.137952242128  -0.990438881957
  0.264082750659   0.301258879093  -0.916244175191
  0.783843042420  -0.081086293443  -0.615642020874
  0.519258489728  -0.156434465040  -0.840177885327
  0.606825149272   0.237086325351  -0.758652300163
  0.620239582613  -0.081141851620  -0.780204370710
  0.000000000000  -0.403355348617  -0.915043421233
  0.133071104141  -0.082242465279  -0.987688340595
  0.383613732685  -0.375038567478  -0.843911474622
  0.132792476828  -0.220117027473  -0.966392597402
  0.519258489728   0.156434465040  -0.840177885327
  0.386187385588  -0.238676930320  -0.891006524188
  0.133071104141   0.082242465279  -0.987688340595
  0.399607051702  -0.082323580032  -0.912982492932
  0.081086293443  -0.615642020874  -0.783843042420
  0.156434465040  -0.840177885327  -0.519258489728
 -0.237086325351  -0.758652300163  -0.606825149272
  0.081141851620  -0.780204370710  -0.620239582613
  0.403355348617  -0.915043421233   0.000000000000
  0.082242465279  -0.987688340595  -0.133071104141
  0.375038567478  -0.843911474622  -0.383613732685
  0.220117027473  -0.966392597402  -0.132792476828
 -0.484441642061  -0.864929335863  -0.131200378813
 -0.238676930320  -0.891006524188  -0.386187385588
 -0.137952242128  -0.990438881957   0.000000000000
 -0.301258879093  -0.916244175191  -0.264082750659
  0.238676930320  -0.891006524188  -0.386187385588
 -0.082242465279  -0.987688340595  -0.133071104141
 -0.156434465040  -0.840177885327  -0.519258489728
  0.000000000000  -0.963861263468  -0.266404701135
 -0.081086293443  -0.615642020874  -0.783843042420
 -0.371748034460  -0.707106781187  -0.601500955008
 -0.383613732685  -0.375038567478  -0.843911474622
 -0.296004592578  -0.647411893882  -0.702309846743
 -0.615642020874  -0.783843042420  -0.081086293443
 -0.707106781187  -0.601500955008  -0.371748034460
 -0.375038567478  -0.843911474622  -0.383613732685
 -0.647411893882  -0.702309846743  -0.296004592578
 -0.783843042420  -0.081086293443  -0.615642020874
 -0.601500955008  -0.371748034460  -0.707106781187
 -0.843911474622  -0.383613732685  -0.375038567478
 -0.702309846743  -0.296004592578  -0.647411893882
 -0.453990499740  -0.757935420048  -0.468429850867
 -0.757935420048  -0.468429850867  -0.453990499740
 -0.468429850867  -0.453990499740  -0.757935420048
 -0.646577791798  -0.564254211766  -0.513375441230
  0.131200378813  -0.484441642061  -0.864929335863
  0.468429850867  -0.453990499740  -0.757935420048
  0.237086325351  -0.758652300163  -0.606825149272
  0.346153014789  -0.516121620051  -0.783451698363
  0.864929335863  -0.131200378813  -0.484441642061
  0.757935420048  -0.468429850867  -0.453990499740
  0.606825149272  -0.237086325351  -0.758652300163
  0.783451698363  -0.346153014789  -0.516121620051
  0.484441642061  -0.864929335863  -0.131200378813
  0.453990499740  -0.757935420048  -0.468429850867
  0.758652300163  -0.606825149272  -0.237086325351
  0.516121620051  -0.783451698363  -0.346153014789
  0.601500955008  -0.371748034460  -0.707106781187
  0.707106781187  -0.601500955008  -0.371748034460
  0.371748034460  -0.707106781187  -0.601500955008
  0.646577791798  -0.564254211766  -0.513375441230
  0.081086293443  -0.615642020874   0.783843042420
  0.371748034460  -0.707106781187   0.601500955008
  0.383613732685  -0.375038567478   0.843911474622
  0.296004592578  -0.647411893882   0.702309846743
  0.615642020874  -0.783843042420   0.081086293443
  0.707106781187  -0.601500955008   0.371748034460
  0.375038567478  -0.843911474622   0.383613732685
  0.647411893882  -0.702309846743   0.296004592578
  0.783843042420  -0.081086293443   0.615642020874
  0.601500955008  -0.371748034460   0.707106781187
  0.843911474622  -0.383613732685   0.375038567478
  0.702309846743  -0.296004592578   0.647411893882
  0.453990499740  -0.757935420048   0.468429850867
  0.757935420048  -0.468429850867   0.453990499740
  0.468429850867  -0.453990499740   0.757935420048
  0.646577791798  -0.564254211766   0.513375441230
 -0.081086293443  -0.615642020874   0.783843042420
 -0.156434465040  -0.840177885327   0.519258489728
  0.237086325351  -0.758652300163   0.606825149272
 -0.081141851620  -0.780204370710   0.620239582613
 -0.403355348617  -0.915043421233   0.000000000000
 -0.082242465279  -0.987688340595   0.133071104141
 -0.375038567478  -0.843911474622   0.383613732685
 -0.220117027473  -0.966392597402   0.132792476828
  0.484441642061  -0.864929335863   0.131200378813
  0.238676930320  -0.891006524188   0.386187385588
  0.137952242128  -0.990438881957   0.000000000000
  0.301258879093  -0.916244175191   0.264082750659
 -0.238676930320  -0.891006524188   0.386187385588
  0.082242465279  -0.987688340595   0.133071104141
  0.156434465040  -0.840177885327   0.519258489728
  0.000000000000  -0.963861263468   0.266404701135
 -0.131200378813  -0.484441642061   0.864929335863
 -0.468429850867  -0.453990499740   0.757935420048
 -0.237086325351  -0.758652300163   0.606825149272
 -0.346153014789  -0.516121620051   0.783451698363
 -0.864929335863  -0.131200378813   0.484441642061
 -0.757935420048  -0.468429850867   0.453990499740
 -0.606825149272  -0.237086325351   0.758652300163
 -0.783451698363  -0.346153014789   0.516121620051
 -0.484441642061  -0.864929335863   0.131200378813
 -0.453990499740  -0.757935420048   0.468429850867
 -0.758652300163  -0.606825149272   0.237086325351
 -0.516121620051  -0.783451698363   0.346153014789
 -0.601500955008  -0.371748034460   0.707106781187
 -0.707106781187  -0.601500955008   0.371748034460
 -0.371748034460  -0.707106781187   0.601500955008
 -0.646577791798  -0.564254211766   0.513375441230
  0.615642020874   0.783843042420   0.081086293443
  0.840177885327   0.519258489728   0.156434465040
  0.758652300163   0.606825149272  -0.237086325351
  0.780204370710   0.620239582613   0.081141851620
  0.915043421233   0.000000000000   0.403355348617
  0.987688340595   0.133071104141   0.082242465279
  0.843911474622   0.383613732685   0.375038567478
  0.966392597402   0.132792476828   0.220117027473
  0.864929335863   0.131200378813  -0.484441642061
  0.891006524188   0.386187385588  -0.238676930320
  0.990438881957   0.000000000000  -0.137952242128
  0.916244175191   0.264082750659  -0.301258879093
  0.891006524188   0.386187385588   0.238676930320
  0.987688340595   0.133071104141  -0.082242465279
  0.840177885327   0.519258489728  -0.156434465040
  0.963861263468   0.266404701135   0.000000000000
  0.615642020874  -0.783843042420  -0.081086293443
  0.840177885327  -0.519258489728  -0.156434465040
  0.758652300163  -0.606825149272   0.237086325351
  0.780204370710  -0.620239582613  -0.081141851620
  0.915043421233   0.000000000000  -0.403355348617
  0.987688340595  -0.133071104141  -0.082242465279
  0.843911474622  -0.383613732685  -0.375038567478
  0.966392597402  -0.132792476828  -0.220117027473
  0.864929335863  -0.131200378813   0.484441642061
  0.891006524188  -0.386187385588   0.238676930320
  0.990438881957   0.000000000000   0.137952242128
  0.916244175191  -0.264082750659   0.301258879093
  0.891006524188  -0.386187385588  -0.238676930320
  0.987688340595  -0.133071104141   0.082242465279
  0.840177885327  -0.519258489728   0.156434465040
  0.963861263468  -0.266404701135   0.000000000000
 -0.615642020874  -0.783843042420   0.081086293443
 -0.840177885327  -0.519258489728   0.156434465040
 -0.758652300163  -0.606825149272  -0.237086325351
 -0.780204370710  -0.620239582613   0.081141851620
 -0.915043421233   0.000000000000   0.403355348617
 -0.987688340595  -0.133071104141   0.082242465279
 -0.843911474622  -0.383613732685   0.375038567478
 -0.966392597402  -0.132792476828   0.220117027473
 -0.864929335863  -0.131200378813  -0.484441642061
 -0.891006524188  -0.386187385588  -0.238676930320
 -0.990438881957   0.000000000000  -0.137952242128
 -0.916244175191  -0.264082750659  -0.301258879093
 -0.891006524188  -0.386187385588   0.238676930320
 -0.987688340595  -0.133071104141  -0.082242465279
 -0.840177885327  -0.519258489728  -0.156434465040
 -0.963861263468  -0.266404701135   0.000000000000
 -0.615642020874   0.783843042420  -0.081086293443
 -0.840177885327   0.519258489728  -0.156434465040
 -0.758652300163   0.606825149272   0.237086325351
 -0.780204370710   0.620239582613  -0.081141851620
 -0.915043421233   0.000000000000  -0.403355348617
 -0.987688340595   0.133071104141  -0.082242465279
 -0.843911474622   0.383613732685  -0.375038567478
 -0.966392597402   0.132792476828  -0.220117027473
 -0.864929335863   0.131200378813   0.484441642061
 -0.891006524188   0.386187385588   0.238676930320
 -0.990438881957   0.000000000000   0.137952242128
 -0.916244175191   0.264082750659   0.301258879093
 -0.891006524188   0.386187385588  -0.238676930320
 -0.987688340595   0.133071104141   0.082242465279
 -0.840177885327   0.519258489728   0.156434465040
 -0.963861263468   0.266404701135   0.000000000000
  0.131655371352   0.358228793487   0.924304600611
  0.264082750659   0.301258879093   0.916244175191
  0.131655371352  -0.358228793487   0.924304600611
  0.132792476828  -0.220117027473   0.966392597402
  0.711281734962   0.000000000000   0.702907030488
  0.620239582613  -0.081141851620   0.780204370710
  0.266404701135   0.000000000000   0.963861263468
  0.399607051702   0.082323580032   0.912982492932
  0.000000000000   0.702907030488   0.711281734962
 -0.081141851620   0.780204370710   0.620239582613
  0.358228793487   0.924304600611   0.131655371352
  0.301258879093   0.916244175191   0.264082750659
 -0.358228793487   0.924304600611   0.131655371352
 -0.220117027473   0.966392597402   0.132792476828
  0.082323580032   0.912982492932   0.399607051702
 -0.082323580032   0.912982492932   0.399607051702
 -0.213022865649   0.571251659136   0.792649229259
 -0.346153014789   0.516121620051   0.783451698363
 -0.571251659136   0.792649229259   0.213022865649
 -0.516121620051   0.783451698363   0.346153014789
 -0.792649229259   0.213022865649   0.571251659136
 -0.783451698363   0.346153014789   0.516121620051
 -0.513375441230   0.646577791798   0.564254211766
 -0.564254211766   0.513375441230   0.646577791798
  0.213022865649   0.571251659136   0.792649229259
  0.296004592578   0.647411893882   0.702309846743
  0.792649229259   0.213022865649   0.571251659136
  0.702309846743   0.296004592578   0.647411893882
  0.571251659136   0.792649229259   0.213022865649
  0.647411893882   0.702309846743   0.296004592578
  0.564254211766   0.513375441230   0.646577791798
  0.513375441230   0.646577791798   0.564254211766
 -0.131655371352   0.358228793487   0.924304600611
 -0.132792476828   0.220117027473   0.966392597402
 -0.711281734962   0.000000000000   0.702907030488
 -0.620239582613   0.081141851620   0.780204370710
 -0.131655371352  -0.358228793487   0.924304600611
 -0.264082750659  -0.301258879093   0.916244175191
 -0.399607051702   0.082323580032   0.912982492932
 -0.266404701135   0.000000000000   0.963861263468
 -0.131655371352   0.358228793487  -0.924304600611
 -0.264082750659   0.301258879093  -0.916244175191
 -0.131655371352  -0.358228793487  -0.924304600611
 -0.132792476828  -0.220117027473  -0.966392597402
 -0.711281734962   0.000000000000  -0.702907030488
 -0.620239582613  -0.081141851620  -0.780204370710
 -0.266404701135   0.000000000000  -0.963861263468
 -0.399607051702   0.082323580032  -0.912982492932
  0.213022865649   0.571251659136  -0.792649229259
  0.346153014789   0.516121620051  -0.783451698363
  0.571251659136   0.792649229259  -0.213022865649
  0.516121620051   0.783451698363  -0.346153014789
  0.792649229259   0.213022865649  -0.571251659136
  0.783451698363   0.346153014789  -0.516121620051
  0.513375441230   0.646577791798  -0.564254211766
  0.564254211766   0.513375441230  -0.646577791798
  0.000000000000   0.702907030488  -0.711281734962
  0.081141851620   0.780204370710  -0.620239582613
 -0.358228793487   0.924304600611  -0.131655371352
 -0.301258879093   0.916244175191  -0.264082750659
  0.358228793487   0.924304600611  -0.131655371352
  0.220117027473   0.966392597402  -0.132792476828
 -0.082323580032   0.912982492932  -0.399607051702
  0.082323580032   0.912982492932  -0.399607051702
 -0.213022865649   0.571251659136  -0.792649229259
 -0.296004592578   0.647411893882  -0.702309846743
 -0.792649229259   0.213022865649  -0.571251659136
 -0.702309846743   0.296004592578  -0.647411893882
 -0.571251659136   0.792649229259  -0.213022865649
 -0.647411893882   0.702309846743  -0.296004592578
 -0.564254211766   0.513375441230  -0.646577791798
 -0.513375441230   0.646577791798  -0.564254211766
  0.131655371352   0.358228793487  -0.924304600611
  0.132792476828   0.220117027473  -0.966392597402
  0.711281734962   0.000000000000  -0.702907030488
  0.620239582613   0.081141851620  -0.780204370710
  0.131655371352  -0.358228793487  -0.924304600611
  0.264082750659  -0.301258879093  -0.916244175191
  0.399607051702   0.082323580032  -0.912982492932
  0.266404701135   0.000000000000  -0.963861263468
  0.000000000000  -0.702907030488  -0.711281734962
 -0.081141851620  -0.780204370710  -0.620239582613
  0.358228793487  -0.924304600611  -0.131655371352
  0.301258879093  -0.916244175191  -0.264082750659
 -0.358228793487  -0.924304600611  -0.131655371352
 -0.220117027473  -0.966392597402  -0.132792476828
  0.082323580032  -0.912982492932  -0.399607051702
 -0.082323580032  -0.912982492932  -0.399607051702
 -0.213022865649  -0.571251659136  -0.792649229259
 -0.346153014789  -0.516121620051  -0.783451698363
 -0.571251659136  -0.792649229259  -0.213022865649
 -0.516121620051  -0.783451698363  -0.346153014789
 -0.792649229259  -0.213022865649  -0.571251659136
 -0.783451698363  -0.346153014789  -0.516121620051
 -0.513375441230  -0.646577791798  -0.564254211766
 -0.564254211766  -0.513375441230  -0.646577791798
  0.213022865649  -0.571251659136  -0.792649229259
  0.296004592578  -0.647411893882  -0.702309846743
  0.792649229259  -0.213022865649  -0.571251659136
  0.702309846743  -0.296004592578  -0.647411893882
  0.571251659136  -0.792649229259  -0.213022865649
  0.647411893882  -0.702309846743  -0.296004592578
  0.564254211766  -0.513375441230  -0.646577791798
  0.513375441230  -0.646577791798  -0.564254211766
  0.213022865649  -0.571251659136   0.792649229259
  0.346153014789  -0.516121620051   0.783451698363
  0.571251659136  -0.792649229259   0.213022865649
  0.516121620051  -0.783451698363   0.346153014789
  0.792649229259  -0.213022865649   0.571251659136
  0.783451698363  -0.346153014789   0.516121620051
  0.513375441230  -0.646577791798   0.564254211766
  0.564254211766  -0.513375441230   0.646577791798
  0.000000000000  -0.702907030488   0.711281734962
  0.081141851620  -0.780204370710   0.620239582613
 -0.358228793487  -0.924304600611   0.131655371352
 -0.301258879093  -0.916244175191   0.264082750659
  0.358228793487  -0.924304600611   0.131655371352
  0.220117027473  -0.966392597402   0.132792476828
 -0.082323580032  -0.912982492932   0.399607051702
  0.082323580032  -0.912982492932   0.399607051702
 -0.213022865649  -0.571251659136   0.792649229259
 -0.296004592578  -0.647411893882   0.702309846743
 -0.792649229259  -0.213022865649   0.571251659136
 -0.702309846743  -0.296004592578   0.647411893882
 -0.571251659136  -0.792649229259   0.213022865649
 -0.647411893882  -0.702309846743   0.296004592578
 -0.564254211766  -0.513375441230   0.646577791798
 -0.513375441230  -0.646577791798   0.564254211766
  0.702907030488   0.711281734962   0.000000000000
  0.780204370710   0.620239582613  -0.081141851620
  0.924304600611   0.131655371352   0.358228793487
  0.916244175191   0.264082750659   0.301258879093
  0.924304600611   0.131655371352  -0.358228793487
  0.966392597402   0.132792476828  -0.220117027473
  0.912982492932   0.399607051702   0.082323580032
  0.912982492932   0.399607051702  -0.082323580032
  0.702907030488  -0.711281734962   0.000000000000
  0.780204370710  -0.620239582613   0.081141851620
  0.924304600611  -0.131655371352  -0.358228793487
  0.916244175191  -0.264082750659  -0.301258879093
  0.924304600611  -0.131655371352   0.358228793487
  0.966392597402  -0.132792476828   0.220117027473
  0.912982492932  -0.399607051702  -0.082323580032
  0.912982492932  -0.399607051702   0.082323580032
 -0.702907030488  -0.711281734962   0.000000000000
 -0.780204370710  -0.620239582613  -0.081141851620
 -0.924304600611  -0.131655371352   0.358228793487
 -0.916244175191  -0.264082750659   0.301258879093
 -0.924304600611  -0.131655371352  -0.358228793487
 -0.966392597402  -0.132792476828  -0.220117027473
 -0.912982492932  -0.399607051702   0.082323580032
 -0.912982492932  -0.399607051702  -0.082323580032
 -0.702907030488   0.711281734962   0.000000000000
 -0.780204370710   0.620239582613   0.081141851620
 -0.924304600611   0.131655371352  -0.358228793487
 -0.916244175191   0.264082750659  -0.301258879093
 -0.924304600611   0.131655371352   0.358228793487
 -0.966392597402   0.132792476828   0.220117027473
 -0.912982492932   0.399607051702  -0.082323580032
 -0.912982492932   0.399607051702   0.082323580032
