&vertexinfo nvertex = 324, ndimension = 3, &end
  0.000000000000   0.525731112119   0.850650808352
  0.000000000000   0.525731112119  -0.850650808352
  0.000000000000  -0.525731112119  -0.850650808352
  0.000000000000  -0.525731112119   0.850650808352
  0.525731112119   0.850650808352   0.000000000000
  0.525731112119  -0.850650808352   0.000000000000
 -0.525731112119  -0.850650808352   0.000000000000
 -0.525731112119   0.850650808352   0.000000000000
  0.850650808352   0.000000000000   0.525731112119
 -0.850650808352   0.000000000000   0.525731112119
 -0.850650808352   0.000000000000  -0.525731112119
  0.850650808352   0.000000000000  -0.525731112119
  0.000000000000   0.000000000000   1.000000000000
  0.309016994375   0.809016994375   0.500000000000
 -0.309016994375   0.809016994375   0.500000000000
  0.500000000000   0.309016994375   0.809016994375
 -0.500000000000   0.309016994375   0.809016994375
  0.000000000000   0.000000000000  -1.000000000000
  0.309016994375   0.809016994375  -0.500000000000
 -0.309016994375   0.809016994375  -0.500000000000
 -0.500000000000   0.309016994375  -0.809016994375
  0.500000000000   0.309016994375  -0.809016994375
  0.309016994375  -0.809016994375  -0.500000000000
 -0.309016994375  -0.809016994375  -0.500000000000
  0.500000000000  -0.309016994375  -0.809016994375
  0.309016994375  -0.809016994375   0.500000000000
 -0.309016994375  -0.809016994375   0.500000000000
 -0.500000000000  -0.309016994375   0.809016994375
  0.809016994375   0.500000000000   0.309016994375
  0.809016994375  -0.500000000000  -0.309016994375
 -0.809016994375  -0.500000000000   0.309016994375
 -0.809016994375   0.500000000000  -0.309016994375
  0.500000000000  -0.309016994375   0.809016994375
  0.000000000000   1.000000000000   0.000000000000
 -0.809016994375   0.500000000000   0.309016994375
 -0.500000000000  -0.309016994375  -0.809016994375
  0.809016994375   0.500000000000  -0.309016994375
  0.000000000000  -1.000000000000   0.000000000000
 -0.809016994375  -0.500000000000  -0.309016994375
  0.809016994375  -0.500000000000   0.309016994375
  1.000000000000   0.000000000000   0.000000000000
 -1.000000000000   0.000000000000   0.000000000000
  0.000000000000   0.273266528913   0.961938357784
  0.259891913008  -0.433888564553   0.862668480416
  0.702046444776   0.160622035640   0.693780477560
  0.262865556060  -0.162459848116   0.951056516295
  0.160622035640   0.693780477560   0.702046444776
  0.273266528913   0.961938357784   0.000000000000
 -0.433888564553   0.862668480416   0.259891913008
  0.162459848116   0.951056516295   0.262865556060
 -0.160622035640   0.693780477560   0.702046444776
 -0.693780477560   0.702046444776   0.160622035640
 -0.702046444776   0.160622035640   0.693780477560
 -0.587785252292   0.688190960236   0.425325404176
  0.259891913008   0.433888564553   0.862668480416
  0.862668480416   0.259891913008   0.433888564553
  0.433888564553   0.862668480416   0.259891913008
  0.688190960236   0.425325404176   0.587785252292
 -0.259891913008   0.433888564553   0.862668480416
 -0.702046444776  -0.160622035640   0.693780477560
  0.000000000000  -0.273266528913   0.961938357784
 -0.525731112119   0.000000000000   0.850650808352
  0.000000000000   0.273266528913  -0.961938357784
 -0.259891913008  -0.433888564553  -0.862668480416
 -0.702046444776   0.160622035640  -0.693780477560
 -0.262865556060  -0.162459848116  -0.951056516295
  0.160622035640   0.693780477560  -0.702046444776
  0.693780477560   0.702046444776  -0.160622035640
  0.702046444776   0.160622035640  -0.693780477560
  0.587785252292   0.688190960236  -0.425325404176
 -0.160622035640   0.693780477560  -0.702046444776
 -0.273266528913   0.961938357784   0.000000000000
  0.433888564553   0.862668480416  -0.259891913008
 -0.162459848116   0.951056516295  -0.262865556060
 -0.259891913008   0.433888564553  -0.862668480416
 -0.862668480416   0.259891913008  -0.433888564553
 -0.433888564553   0.862668480416  -0.259891913008
 -0.688190960236   0.425325404176  -0.587785252292
  0.259891913008   0.433888564553  -0.862668480416
  0.702046444776  -0.160622035640  -0.693780477560
  0.000000000000  -0.273266528913  -0.961938357784
  0.525731112119   0.000000000000  -0.850650808352
  0.160622035640  -0.693780477560  -0.702046444776
  0.273266528913  -0.961938357784   0.000000000000
 -0.433888564553  -0.862668480416  -0.259891913008
  0.162459848116  -0.951056516295  -0.262865556060
 -0.160622035640  -0.693780477560  -0.702046444776
 -0.693780477560  -0.702046444776  -0.160622035640
 -0.702046444776  -0.160622035640  -0.693780477560
 -0.587785252292  -0.688190960236  -0.425325404176
  0.259891913008  -0.433888564553  -0.862668480416
  0.862668480416  -0.259891913008  -0.433888564553
  0.433888564553  -0.862668480416  -0.259891913008
  0.688190960236  -0.425325404176  -0.587785252292
  0.160622035640  -0.693780477560   0.702046444776
  0.693780477560  -0.702046444776   0.160622035640
  0.702046444776  -0.160622035640   0.693780477560
  0.587785252292  -0.688190960236   0.425325404176
 -0.160622035640  -0.693780477560   0.702046444776
 -0.273266528913  -0.961938357784   0.000000000000
  0.433888564553  -0.862668480416   0.259891913008
 -0.162459848116  -0.951056516295   0.262865556060
 -0.259891913008  -0.433888564553   0.862668480416
 -0.862668480416  -0.259891913008   0.433888564553
 -0.433888564553  -0.862668480416   0.259891913008
 -0.688190960236  -0.425325404176   0.587785252292
  0.693780477560   0.702046444776   0.160622035640
  0.961938357784   0.000000000000   0.273266528913
  0.862668480416   0.259891913008  -0.433888564553
  0.951056516295   0.262865556060   0.162459848116
  0.693780477560  -0.702046444776  -0.160622035640
  0.961938357784   0.000000000000  -0.273266528913
  0.862668480416  -0.259891913008   0.433888564553
  0.951056516295  -0.262865556060  -0.162459848116
 -0.693780477560  -0.702046444776   0.160622035640
 -0.961938357784   0.000000000000   0.273266528913
 -0.862668480416  -0.259891913008  -0.433888564553
 -0.951056516295  -0.262865556060   0.162459848116
 -0.693780477560   0.702046444776  -0.160622035640
 -0.961938357784   0.000000000000  -0.273266528913
 -0.862668480416   0.259891913008   0.433888564553
 -0.951056516295   0.262865556060  -0.162459848116
  0.262865556060   0.162459848116   0.951056516295
  0.525731112119   0.000000000000   0.850650808352
  0.000000000000   0.850650808352   0.525731112119
 -0.162459848116   0.951056516295   0.262865556060
 -0.425325404176   0.587785252292   0.688190960236
 -0.688190960236   0.425325404176   0.587785252292
  0.425325404176   0.587785252292   0.688190960236
  0.587785252292   0.688190960236   0.425325404176
 -0.262865556060   0.162459848116   0.951056516295
 -0.262865556060  -0.162459848116   0.951056516295
 -0.262865556060   0.162459848116  -0.951056516295
 -0.525731112119   0.000000000000  -0.850650808352
  0.425325404176   0.587785252292  -0.688190960236
  0.688190960236   0.425325404176  -0.587785252292
  0.000000000000   0.850650808352  -0.525731112119
  0.162459848116   0.951056516295  -0.262865556060
 -0.425325404176   0.587785252292  -0.688190960236
 -0.587785252292   0.688190960236  -0.425325404176
  0.262865556060   0.162459848116  -0.951056516295
  0.262865556060  -0.162459848116  -0.951056516295
  0.000000000000  -0.850650808352  -0.525731112119
 -0.162459848116  -0.951056516295  -0.262865556060
 -0.425325404176  -0.587785252292  -0.688190960236
 -0.688190960236  -0.425325404176  -0.587785252292
  0.425325404176  -0.587785252292  -0.688190960236
  0.587785252292  -0.688190960236  -0.425325404176
  0.425325404176  -0.587785252292   0.688190960236
  0.688190960236  -0.425325404176   0.587785252292
  0.000000000000  -0.850650808352   0.525731112119
  0.162459848116  -0.951056516295   0.262865556060
 -0.425325404176  -0.587785252292   0.688190960236
 -0.587785252292  -0.688190960236   0.425325404176
  0.850650808352   0.525731112119   0.000000000000
  0.951056516295   0.262865556060  -0.162459848116
  0.850650808352  -0.525731112119   0.000000000000
  0.951056516295  -0.262865556060   0.162459848116
 -0.850650808352  -0.525731112119   0.000000000000
 -0.951056516295  -0.262865556060  -0.162459848116
 -0.850650808352   0.525731112119   0.000000000000
 -0.951056516295   0.262865556060   0.162459848116
  0.000000000000   0.630877334543   1.020780970022
  0.000000000000   0.630877334543  -1.020780970022
  0.000000000000  -0.630877334543  -1.020780970022
  0.000000000000  -0.630877334543   1.020780970022
  0.630877334543   1.020780970022   0.000000000000
  0.630877334543  -1.020780970022   0.000000000000
 -0.630877334543  -1.020780970022   0.000000000000
 -0.630877334543   1.020780970022   0.000000000000
  1.020780970022   0.000000000000   0.630877334543
 -1.020780970022   0.000000000000   0.630877334543
 -1.020780970022   0.000000000000  -0.630877334543
  1.020780970022   0.000000000000  -0.630877334543
  0.000000000000   0.000000000000   1.200000000000
  0.370820393250   0.970820393250   0.600000000000
 -0.370820393250   0.970820393250   0.600000000000
  0.600000000000   0.370820393250   0.970820393250
 -0.600000000000   0.370820393250   0.970820393250
  0.000000000000   0.000000000000  -1.200000000000
  0.370820393250   0.970820393250  -0.600000000000
 -0.370820393250   0.970820393250  -0.600000000000
 -0.600000000000   0.370820393250  -0.970820393250
  0.600000000000   0.370820393250  -0.970820393250
  0.370820393250  -0.970820393250  -0.600000000000
 -0.370820393250  -0.970820393250  -0.600000000000
  0.600000000000  -0.370820393250  -0.970820393250
  0.370820393250  -0.970820393250   0.600000000000
 -0.370820393250  -0.970820393250   0.600000000000
 -0.600000000000  -0.370820393250   0.970820393250
  0.970820393250   0.600000000000   0.370820393250
  0.970820393250  -0.600000000000  -0.370820393250
 -0.970820393250  -0.600000000000   0.370820393250
 -0.970820393250   0.600000000000  -0.370820393250
  0.600000000000  -0.370820393250   0.970820393250
  0.000000000000   1.200000000000   0.000000000000
 -0.970820393250   0.600000000000   0.370820393250
 -0.600000000000  -0.370820393250  -0.970820393250
  0.970820393250   0.600000000000  -0.370820393250
  0.000000000000  -1.200000000000   0.000000000000
 -0.970820393250  -0.600000000000  -0.370820393250
  0.970820393250  -0.600000000000   0.370820393250
  1.200000000000   0.000000000000   0.000000000000
 -1.200000000000   0.000000000000   0.000000000000
  0.000000000000   0.327919834696   1.154326029341
  0.311870295610  -0.520666277464   1.035202176499
  0.842455733731   0.192746442768   0.832536573072
  0.315438667272  -0.194951817739   1.141267819554
  0.192746442768   0.832536573072   0.842455733731
  0.327919834696   1.154326029341   0.000000000000
 -0.520666277464   1.035202176499   0.311870295610
  0.194951817739   1.141267819554   0.315438667272
 -0.192746442768   0.832536573072   0.842455733731
 -0.832536573072   0.842455733731   0.192746442768
 -0.842455733731   0.192746442768   0.832536573072
 -0.705342302750   0.825829152283   0.510390485011
  0.311870295610   0.520666277464   1.035202176499
  1.035202176499   0.311870295610   0.520666277464
  0.520666277464   1.035202176499   0.311870295610
  0.825829152283   0.510390485011   0.705342302750
 -0.311870295610   0.520666277464   1.035202176499
 -0.842455733731  -0.192746442768   0.832536573072
  0.000000000000  -0.327919834696   1.154326029341
 -0.630877334543   0.000000000000   1.020780970022
  0.000000000000   0.327919834696  -1.154326029341
 -0.311870295610  -0.520666277464  -1.035202176499
 -0.842455733731   0.192746442768  -0.832536573072
 -0.315438667272  -0.194951817739  -1.141267819554
  0.192746442768   0.832536573072  -0.842455733731
  0.832536573072   0.842455733731  -0.192746442768
  0.842455733731   0.192746442768  -0.832536573072
  0.705342302750   0.825829152283  -0.510390485011
 -0.192746442768   0.832536573072  -0.842455733731
 -0.327919834696   1.154326029341   0.000000000000
  0.520666277464   1.035202176499  -0.311870295610
 -0.194951817739   1.141267819554  -0.315438667272
 -0.311870295610   0.520666277464  -1.035202176499
 -1.035202176499   0.311870295610  -0.520666277464
 -0.520666277464   1.035202176499  -0.311870295610
 -0.825829152283   0.510390485011  -0.705342302750
  0.311870295610   0.520666277464  -1.035202176499
  0.842455733731  -0.192746442768  -0.832536573072
  0.000000000000  -0.327919834696  -1.154326029341
  0.630877334543   0.000000000000  -1.020780970022
  0.192746442768  -0.832536573072  -0.842455733731
  0.327919834696  -1.154326029341   0.000000000000
 -0.520666277464  -1.035202176499  -0.311870295610
  0.194951817739  -1.141267819554  -0.315438667272
 -0.192746442768  -0.832536573072  -0.842455733731
 -0.832536573072  -0.842455733731  -0.192746442768
 -0.842455733731  -0.192746442768  -0.832536573072
 -0.705342302750  -0.825829152283  -0.510390485011
  0.311870295610  -0.520666277464  -1.035202176499
  1.035202176499  -0.311870295610  -0.520666277464
  0.520666277464  -1.035202176499  -0.311870295610
  0.825829152283  -0.510390485011  -0.705342302750
  0.192746442768  -0.832536573072   0.842455733731
  0.832536573072  -0.842455733731   0.192746442768
  0.842455733731  -0.192746442768   0.832536573072
  0.705342302750  -0.825829152283   0.510390485011
 -0.192746442768  -0.832536573072   0.842455733731
 -0.327919834696  -1.154326029341   0.000000000000
  0.520666277464  -1.035202176499   0.311870295610
 -0.194951817739  -1.141267819554   0.315438667272
 -0.311870295610  -0.520666277464   1.035202176499
 -1.035202176499  -0.311870295610   0.520666277464
 -0.520666277464  -1.035202176499   0.311870295610
 -0.825829152283  -0.510390485011   0.705342302750
  0.832536573072   0.842455733731   0.192746442768
  1.154326029341   0.000000000000   0.327919834696
  1.035202176499   0.311870295610  -0.520666277464
  1.141267819554   0.315438667272   0.194951817739
  0.832536573072  -0.842455733731  -0.192746442768
  1.154326029341   0.000000000000  -0.327919834696
  1.035202176499  -0.311870295610   0.520666277464
  1.141267819554  -0.315438667272  -0.194951817739
 -0.832536573072  -0.842455733731   0.192746442768
 -1.154326029341   0.000000000000   0.327919834696
 -1.035202176499  -0.311870295610  -0.520666277464
 -1.141267819554  -0.315438667272   0.194951817739
 -0.832536573072   0.842455733731  -0.192746442768
 -1.154326029341   0.000000000000  -0.327919834696
 -1.035202176499   0.311870295610   0.520666277464
 -1.141267819554   0.315438667272  -0.194951817739
  0.315438667272   0.194951817739   1.141267819554
  0.630877334543   0.000000000000   1.020780970022
  0.000000000000   1.020780970022   0.630877334543
 -0.194951817739   1.141267819554   0.315438667272
 -0.510390485011   0.705342302750   0.825829152283
 -0.825829152283   0.510390485011   0.705342302750
  0.510390485011   0.705342302750   0.825829152283
  0.705342302750   0.825829152283   0.510390485011
 -0.315438667272   0.194951817739   1.141267819554
 -0.315438667272  -0.194951817739   1.141267819554
 -0.315438667272   0.194951817739  -1.141267819554
 -0.630877334543   0.000000000000  -1.020780970022
  0.510390485011   0.705342302750  -0.825829152283
  0.825829152283   0.510390485011  -0.705342302750
  0.000000000000   1.020780970022  -0.630877334543
  0.194951817739   1.141267819554  -0.315438667272
 -0.510390485011   0.705342302750  -0.825829152283
 -0.705342302750   0.825829152283  -0.510390485011
  0.315438667272   0.194951817739  -1.141267819554
  0.315438667272  -0.194951817739  -1.141267819554
  0.000000000000  -1.020780970022  -0.630877334543
 -0.194951817739  -1.141267819554  -0.315438667272
 -0.510390485011  -0.705342302750  -0.825829152283
 -0.825829152283  -0.510390485011  -0.705342302750
  0.510390485011  -0.705342302750  -0.825829152283
  0.705342302750  -0.825829152283  -0.510390485011
  0.510390485011  -0.705342302750   0.825829152283
  0.825829152283  -0.510390485011   0.705342302750
  0.000000000000  -1.020780970022   0.630877334543
  0.194951817739  -1.141267819554   0.315438667272
 -0.510390485011  -0.705342302750   0.825829152283
 -0.705342302750  -0.825829152283   0.510390485011
  1.020780970022   0.630877334543   0.000000000000
  1.141267819554   0.315438667272  -0.194951817739
  1.020780970022  -0.630877334543   0.000000000000
  1.141267819554  -0.315438667272   0.194951817739
 -1.020780970022  -0.630877334543   0.000000000000
 -1.141267819554  -0.315438667272  -0.194951817739
 -1.020780970022   0.630877334543   0.000000000000
 -1.141267819554   0.315438667272   0.194951817739
