&vertexinfo nvertex = 642, ndimension = 3, &end
  0.000000000000   0.262865556060   0.425325404176
  0.000000000000   0.262865556060  -0.425325404176
  0.000000000000  -0.262865556060  -0.425325404176
  0.000000000000  -0.262865556060   0.425325404176
  0.262865556060   0.425325404176   0.000000000000
  0.262865556060  -0.425325404176   0.000000000000
 -0.262865556060  -0.425325404176   0.000000000000
 -0.262865556060   0.425325404176   0.000000000000
  0.425325404176   0.000000000000   0.262865556060
 -0.425325404176   0.000000000000   0.262865556060
 -0.425325404176   0.000000000000  -0.262865556060
  0.425325404176   0.000000000000  -0.262865556060
  0.000000000000   0.000000000000   0.500000000000
  0.154508497188   0.404508497187   0.250000000000
 -0.154508497188   0.404508497187   0.250000000000
  0.250000000000   0.154508497188   0.404508497187
 -0.250000000000   0.154508497188   0.404508497187
  0.000000000000   0.000000000000  -0.500000000000
  0.154508497188   0.404508497187  -0.250000000000
 -0.154508497188   0.404508497187  -0.250000000000
 -0.250000000000   0.154508497188  -0.404508497187
  0.250000000000   0.154508497188  -0.404508497187
  0.154508497188  -0.404508497187  -0.250000000000
 -0.154508497188  -0.404508497187  -0.250000000000
  0.250000000000  -0.154508497188  -0.404508497187
  0.154508497188  -0.404508497187   0.250000000000
 -0.154508497188  -0.404508497187   0.250000000000
 -0.250000000000  -0.154508497188   0.404508497187
  0.404508497187   0.250000000000   0.154508497188
  0.404508497187  -0.250000000000  -0.154508497188
 -0.404508497187  -0.250000000000   0.154508497188
 -0.404508497187   0.250000000000  -0.154508497188
  0.250000000000  -0.154508497188   0.404508497187
  0.000000000000   0.500000000000   0.000000000000
 -0.404508497187   0.250000000000   0.154508497188
 -0.250000000000  -0.154508497188  -0.404508497187
  0.404508497187   0.250000000000  -0.154508497188
  0.000000000000  -0.500000000000   0.000000000000
 -0.404508497187  -0.250000000000  -0.154508497188
  0.404508497187  -0.250000000000   0.154508497188
  0.500000000000   0.000000000000   0.000000000000
 -0.500000000000   0.000000000000   0.000000000000
  0.000000000000   0.136633264457   0.480969178892
  0.129945956504  -0.216944282277   0.431334240208
  0.351023222388   0.080311017820   0.346890238780
  0.131432778030  -0.081229924058   0.475528258147
  0.080311017820   0.346890238780   0.351023222388
  0.136633264457   0.480969178892   0.000000000000
 -0.216944282277   0.431334240208   0.129945956504
  0.081229924058   0.475528258147   0.131432778030
 -0.080311017820   0.346890238780   0.351023222388
 -0.346890238780   0.351023222388   0.080311017820
 -0.351023222388   0.080311017820   0.346890238780
 -0.293892626146   0.344095480118   0.212662702088
  0.129945956504   0.216944282277   0.431334240208
  0.431334240208   0.129945956504   0.216944282277
  0.216944282277   0.431334240208   0.129945956504
  0.344095480118   0.212662702088   0.293892626146
 -0.129945956504   0.216944282277   0.431334240208
 -0.351023222388  -0.080311017820   0.346890238780
  0.000000000000  -0.136633264457   0.480969178892
 -0.262865556060   0.000000000000   0.425325404176
  0.000000000000   0.136633264457  -0.480969178892
 -0.129945956504  -0.216944282277  -0.431334240208
 -0.351023222388   0.080311017820  -0.346890238780
 -0.131432778030  -0.081229924058  -0.475528258147
  0.080311017820   0.346890238780  -0.351023222388
  0.346890238780   0.351023222388  -0.080311017820
  0.351023222388   0.080311017820  -0.346890238780
  0.293892626146   0.344095480118  -0.212662702088
 -0.080311017820   0.346890238780  -0.351023222388
 -0.136633264457   0.480969178892   0.000000000000
  0.216944282277   0.431334240208  -0.129945956504
 -0.081229924058   0.475528258147  -0.131432778030
 -0.129945956504   0.216944282277  -0.431334240208
 -0.431334240208   0.129945956504  -0.216944282277
 -0.216944282277   0.431334240208  -0.129945956504
 -0.344095480118   0.212662702088  -0.293892626146
  0.129945956504   0.216944282277  -0.431334240208
  0.351023222388  -0.080311017820  -0.346890238780
  0.000000000000  -0.136633264457  -0.480969178892
  0.262865556060   0.000000000000  -0.425325404176
  0.080311017820  -0.346890238780  -0.351023222388
  0.136633264457  -0.480969178892   0.000000000000
 -0.216944282277  -0.431334240208  -0.129945956504
  0.081229924058  -0.475528258147  -0.131432778030
 -0.080311017820  -0.346890238780  -0.351023222388
 -0.346890238780  -0.351023222388  -0.080311017820
 -0.351023222388  -0.080311017820  -0.346890238780
 -0.293892626146  -0.344095480118  -0.212662702088
  0.129945956504  -0.216944282277  -0.431334240208
  0.431334240208  -0.129945956504  -0.216944282277
  0.216944282277  -0.431334240208  -0.129945956504
  0.344095480118  -0.212662702088  -0.293892626146
  0.080311017820  -0.346890238780   0.351023222388
  0.346890238780  -0.351023222388   0.080311017820
  0.351023222388  -0.080311017820   0.346890238780
  0.293892626146  -0.344095480118   0.212662702088
 -0.080311017820  -0.346890238780   0.351023222388
 -0.136633264457  -0.480969178892   0.000000000000
  0.216944282277  -0.431334240208   0.129945956504
 -0.081229924058  -0.475528258147   0.131432778030
 -0.129945956504  -0.216944282277   0.431334240208
 -0.431334240208  -0.129945956504   0.216944282277
 -0.216944282277  -0.431334240208   0.129945956504
 -0.344095480118  -0.212662702088   0.293892626146
  0.346890238780   0.351023222388   0.080311017820
  0.480969178892   0.000000000000   0.136633264457
  0.431334240208   0.129945956504  -0.216944282277
  0.475528258147   0.131432778030   0.081229924058
  0.346890238780  -0.351023222388  -0.080311017820
  0.480969178892   0.000000000000  -0.136633264457
  0.431334240208  -0.129945956504   0.216944282277
  0.475528258147  -0.131432778030  -0.081229924058
 -0.346890238780  -0.351023222388   0.080311017820
 -0.480969178892   0.000000000000   0.136633264457
 -0.431334240208  -0.129945956504  -0.216944282277
 -0.475528258147  -0.131432778030   0.081229924058
 -0.346890238780   0.351023222388  -0.080311017820
 -0.480969178892   0.000000000000  -0.136633264457
 -0.431334240208   0.129945956504   0.216944282277
 -0.475528258147   0.131432778030  -0.081229924058
  0.131432778030   0.081229924058   0.475528258147
  0.262865556060   0.000000000000   0.425325404176
  0.000000000000   0.425325404176   0.262865556060
 -0.081229924058   0.475528258147   0.131432778030
 -0.212662702088   0.293892626146   0.344095480118
 -0.344095480118   0.212662702088   0.293892626146
  0.212662702088   0.293892626146   0.344095480118
  0.293892626146   0.344095480118   0.212662702088
 -0.131432778030   0.081229924058   0.475528258147
 -0.131432778030  -0.081229924058   0.475528258147
 -0.131432778030   0.081229924058  -0.475528258147
 -0.262865556060   0.000000000000  -0.425325404176
  0.212662702088   0.293892626146  -0.344095480118
  0.344095480118   0.212662702088  -0.293892626146
  0.000000000000   0.425325404176  -0.262865556060
  0.081229924058   0.475528258147  -0.131432778030
 -0.212662702088   0.293892626146  -0.344095480118
 -0.293892626146   0.344095480118  -0.212662702088
  0.131432778030   0.081229924058  -0.475528258147
  0.131432778030  -0.081229924058  -0.475528258147
  0.000000000000  -0.425325404176  -0.262865556060
 -0.081229924058  -0.475528258147  -0.131432778030
 -0.212662702088  -0.293892626146  -0.344095480118
 -0.344095480118  -0.212662702088  -0.293892626146
  0.212662702088  -0.293892626146  -0.344095480118
  0.293892626146  -0.344095480118  -0.212662702088
  0.212662702088  -0.293892626146   0.344095480118
  0.344095480118  -0.212662702088   0.293892626146
  0.000000000000  -0.425325404176   0.262865556060
  0.081229924058  -0.475528258147   0.131432778030
 -0.212662702088  -0.293892626146   0.344095480118
 -0.293892626146  -0.344095480118   0.212662702088
  0.425325404176   0.262865556060   0.000000000000
  0.475528258147   0.131432778030  -0.081229924058
  0.425325404176  -0.262865556060   0.000000000000
  0.475528258147  -0.131432778030   0.081229924058
 -0.425325404176  -0.262865556060   0.000000000000
 -0.475528258147  -0.131432778030  -0.081229924058
 -0.425325404176   0.262865556060   0.000000000000
 -0.475528258147   0.131432778030   0.081229924058
  0.000000000000   0.201677674309   0.457521710616
  0.066535552071   0.041121232640   0.493844170297
  0.191806866342   0.187519283739   0.421955737311
  0.066396238414   0.110058513736   0.483196298701
  0.065600189407  -0.242220821030   0.432464667932
  0.193093692794  -0.119338465160   0.445503262094
  0.000000000000  -0.068976121064   0.495219440979
  0.132041375329  -0.150629439546   0.458122087595
  0.391921521210   0.040543146722   0.307821010437
  0.259629244864   0.078217232520   0.420088942663
  0.303412574636  -0.118543162675   0.379326150082
  0.310119791307   0.040570925810   0.390102185355
  0.066535552071  -0.041121232640   0.493844170297
  0.259629244864  -0.078217232520   0.420088942663
  0.193093692794   0.119338465160   0.445503262094
  0.199803525851  -0.041161790016   0.456491246466
  0.040543146722   0.307821010437   0.391921521210
  0.078217232520   0.420088942663   0.259629244864
 -0.118543162675   0.379326150082   0.303412574636
  0.040570925810   0.390102185355   0.310119791307
  0.201677674309   0.457521710616   0.000000000000
  0.041121232640   0.493844170297   0.066535552071
  0.187519283739   0.421955737311   0.191806866342
  0.110058513736   0.483196298701   0.066396238414
 -0.242220821030   0.432464667932   0.065600189407
 -0.119338465160   0.445503262094   0.193093692794
 -0.068976121064   0.495219440979   0.000000000000
 -0.150629439546   0.458122087595   0.132041375329
  0.119338465160   0.445503262094   0.193093692794
 -0.041121232640   0.493844170297   0.066535552071
 -0.078217232520   0.420088942663   0.259629244864
  0.000000000000   0.481930631734   0.133202350567
 -0.040543146722   0.307821010437   0.391921521210
 -0.185874017230   0.353553390593   0.300750477504
 -0.191806866342   0.187519283739   0.421955737311
 -0.148002296289   0.323705946941   0.351154923372
 -0.307821010437   0.391921521210   0.040543146722
 -0.353553390593   0.300750477504   0.185874017230
 -0.187519283739   0.421955737311   0.191806866342
 -0.323705946941   0.351154923372   0.148002296289
 -0.391921521210   0.040543146722   0.307821010437
 -0.300750477504   0.185874017230   0.353553390593
 -0.421955737311   0.191806866342   0.187519283739
 -0.351154923372   0.148002296289   0.323705946941
 -0.226995249870   0.378967710024   0.234214925434
 -0.378967710024   0.234214925434   0.226995249870
 -0.234214925434   0.226995249870   0.378967710024
 -0.323288895899   0.282127105883   0.256687720615
  0.065600189407   0.242220821030   0.432464667932
  0.234214925434   0.226995249870   0.378967710024
  0.118543162675   0.379326150082   0.303412574636
  0.173076507395   0.258060810026   0.391725849181
  0.432464667932   0.065600189407   0.242220821030
  0.378967710024   0.234214925434   0.226995249870
  0.303412574636   0.118543162675   0.379326150082
  0.391725849181   0.173076507395   0.258060810026
  0.242220821030   0.432464667932   0.065600189407
  0.226995249870   0.378967710024   0.234214925434
  0.379326150082   0.303412574636   0.118543162675
  0.258060810026   0.391725849181   0.173076507395
  0.300750477504   0.185874017230   0.353553390593
  0.353553390593   0.300750477504   0.185874017230
  0.185874017230   0.353553390593   0.300750477504
  0.323288895899   0.282127105883   0.256687720615
 -0.065600189407   0.242220821030   0.432464667932
 -0.193093692794   0.119338465160   0.445503262094
  0.000000000000   0.068976121064   0.495219440979
 -0.132041375329   0.150629439546   0.458122087595
 -0.391921521210  -0.040543146722   0.307821010437
 -0.259629244864  -0.078217232520   0.420088942663
 -0.303412574636   0.118543162675   0.379326150082
 -0.310119791307  -0.040570925810   0.390102185355
  0.000000000000  -0.201677674309   0.457521710616
 -0.066535552071  -0.041121232640   0.493844170297
 -0.191806866342  -0.187519283739   0.421955737311
 -0.066396238414  -0.110058513736   0.483196298701
 -0.259629244864   0.078217232520   0.420088942663
 -0.193093692794  -0.119338465160   0.445503262094
 -0.066535552071   0.041121232640   0.493844170297
 -0.199803525851  -0.041161790016   0.456491246466
  0.000000000000   0.201677674309  -0.457521710616
 -0.066535552071   0.041121232640  -0.493844170297
 -0.191806866342   0.187519283739  -0.421955737311
 -0.066396238414   0.110058513736  -0.483196298701
 -0.065600189407  -0.242220821030  -0.432464667932
 -0.193093692794  -0.119338465160  -0.445503262094
  0.000000000000  -0.068976121064  -0.495219440979
 -0.132041375329  -0.150629439546  -0.458122087595
 -0.391921521210   0.040543146722  -0.307821010437
 -0.259629244864   0.078217232520  -0.420088942663
 -0.303412574636  -0.118543162675  -0.379326150082
 -0.310119791307   0.040570925810  -0.390102185355
 -0.066535552071  -0.041121232640  -0.493844170297
 -0.259629244864  -0.078217232520  -0.420088942663
 -0.193093692794   0.119338465160  -0.445503262094
 -0.199803525851  -0.041161790016  -0.456491246466
  0.040543146722   0.307821010437  -0.391921521210
  0.185874017230   0.353553390593  -0.300750477504
  0.191806866342   0.187519283739  -0.421955737311
  0.148002296289   0.323705946941  -0.351154923372
  0.307821010437   0.391921521210  -0.040543146722
  0.353553390593   0.300750477504  -0.185874017230
  0.187519283739   0.421955737311  -0.191806866342
  0.323705946941   0.351154923372  -0.148002296289
  0.391921521210   0.040543146722  -0.307821010437
  0.300750477504   0.185874017230  -0.353553390593
  0.421955737311   0.191806866342  -0.187519283739
  0.351154923372   0.148002296289  -0.323705946941
  0.226995249870   0.378967710024  -0.234214925434
  0.378967710024   0.234214925434  -0.226995249870
  0.234214925434   0.226995249870  -0.378967710024
  0.323288895899   0.282127105883  -0.256687720615
 -0.040543146722   0.307821010437  -0.391921521210
 -0.078217232520   0.420088942663  -0.259629244864
  0.118543162675   0.379326150082  -0.303412574636
 -0.040570925810   0.390102185355  -0.310119791307
 -0.201677674309   0.457521710616   0.000000000000
 -0.041121232640   0.493844170297  -0.066535552071
 -0.187519283739   0.421955737311  -0.191806866342
 -0.110058513736   0.483196298701  -0.066396238414
  0.242220821030   0.432464667932  -0.065600189407
  0.119338465160   0.445503262094  -0.193093692794
  0.068976121064   0.495219440979   0.000000000000
  0.150629439546   0.458122087595  -0.132041375329
 -0.119338465160   0.445503262094  -0.193093692794
  0.041121232640   0.493844170297  -0.066535552071
  0.078217232520   0.420088942663  -0.259629244864
  0.000000000000   0.481930631734  -0.133202350567
 -0.065600189407   0.242220821030  -0.432464667932
 -0.234214925434   0.226995249870  -0.378967710024
 -0.118543162675   0.379326150082  -0.303412574636
 -0.173076507395   0.258060810026  -0.391725849181
 -0.432464667932   0.065600189407  -0.242220821030
 -0.378967710024   0.234214925434  -0.226995249870
 -0.303412574636   0.118543162675  -0.379326150082
 -0.391725849181   0.173076507395  -0.258060810026
 -0.242220821030   0.432464667932  -0.065600189407
 -0.226995249870   0.378967710024  -0.234214925434
 -0.379326150082   0.303412574636  -0.118543162675
 -0.258060810026   0.391725849181  -0.173076507395
 -0.300750477504   0.185874017230  -0.353553390593
 -0.353553390593   0.300750477504  -0.185874017230
 -0.185874017230   0.353553390593  -0.300750477504
 -0.323288895899   0.282127105883  -0.256687720615
  0.065600189407   0.242220821030  -0.432464667932
  0.193093692794   0.119338465160  -0.445503262094
  0.000000000000   0.068976121064  -0.495219440979
  0.132041375329   0.150629439546  -0.458122087595
  0.391921521210  -0.040543146722  -0.307821010437
  0.259629244864  -0.078217232520  -0.420088942663
  0.303412574636   0.118543162675  -0.379326150082
  0.310119791307  -0.040570925810  -0.390102185355
  0.000000000000  -0.201677674309  -0.457521710616
  0.066535552071  -0.041121232640  -0.493844170297
  0.191806866342  -0.187519283739  -0.421955737311
  0.066396238414  -0.110058513736  -0.483196298701
  0.259629244864   0.078217232520  -0.420088942663
  0.193093692794  -0.119338465160  -0.445503262094
  0.066535552071   0.041121232640  -0.493844170297
  0.199803525851  -0.041161790016  -0.456491246466
  0.040543146722  -0.307821010437  -0.391921521210
  0.078217232520  -0.420088942663  -0.259629244864
 -0.118543162675  -0.379326150082  -0.303412574636
  0.040570925810  -0.390102185355  -0.310119791307
  0.201677674309  -0.457521710616   0.000000000000
  0.041121232640  -0.493844170297  -0.066535552071
  0.187519283739  -0.421955737311  -0.191806866342
  0.110058513736  -0.483196298701  -0.066396238414
 -0.242220821030  -0.432464667932  -0.065600189407
 -0.119338465160  -0.445503262094  -0.193093692794
 -0.068976121064  -0.495219440979   0.000000000000
 -0.150629439546  -0.458122087595  -0.132041375329
  0.119338465160  -0.445503262094  -0.193093692794
 -0.041121232640  -0.493844170297  -0.066535552071
 -0.078217232520  -0.420088942663  -0.259629244864
  0.000000000000  -0.481930631734  -0.133202350567
 -0.040543146722  -0.307821010437  -0.391921521210
 -0.185874017230  -0.353553390593  -0.300750477504
 -0.191806866342  -0.187519283739  -0.421955737311
 -0.148002296289  -0.323705946941  -0.351154923372
 -0.307821010437  -0.391921521210  -0.040543146722
 -0.353553390593  -0.300750477504  -0.185874017230
 -0.187519283739  -0.421955737311  -0.191806866342
 -0.323705946941  -0.351154923372  -0.148002296289
 -0.391921521210  -0.040543146722  -0.307821010437
 -0.300750477504  -0.185874017230  -0.353553390593
 -0.421955737311  -0.191806866342  -0.187519283739
 -0.351154923372  -0.148002296289  -0.323705946941
 -0.226995249870  -0.378967710024  -0.234214925434
 -0.378967710024  -0.234214925434  -0.226995249870
 -0.234214925434  -0.226995249870  -0.378967710024
 -0.323288895899  -0.282127105883  -0.256687720615
  0.065600189407  -0.242220821030  -0.432464667932
  0.234214925434  -0.226995249870  -0.378967710024
  0.118543162675  -0.379326150082  -0.303412574636
  0.173076507395  -0.258060810026  -0.391725849181
  0.432464667932  -0.065600189407  -0.242220821030
  0.378967710024  -0.234214925434  -0.226995249870
  0.303412574636  -0.118543162675  -0.379326150082
  0.391725849181  -0.173076507395  -0.258060810026
  0.242220821030  -0.432464667932  -0.065600189407
  0.226995249870  -0.378967710024  -0.234214925434
  0.379326150082  -0.303412574636  -0.118543162675
  0.258060810026  -0.391725849181  -0.173076507395
  0.300750477504  -0.185874017230  -0.353553390593
  0.353553390593  -0.300750477504  -0.185874017230
  0.185874017230  -0.353553390593  -0.300750477504
  0.323288895899  -0.282127105883  -0.256687720615
  0.040543146722  -0.307821010437   0.391921521210
  0.185874017230  -0.353553390593   0.300750477504
  0.191806866342  -0.187519283739   0.421955737311
  0.148002296289  -0.323705946941   0.351154923372
  0.307821010437  -0.391921521210   0.040543146722
  0.353553390593  -0.300750477504   0.185874017230
  0.187519283739  -0.421955737311   0.191806866342
  0.323705946941  -0.351154923372   0.148002296289
  0.391921521210  -0.040543146722   0.307821010437
  0.300750477504  -0.185874017230   0.353553390593
  0.421955737311  -0.191806866342   0.187519283739
  0.351154923372  -0.148002296289   0.323705946941
  0.226995249870  -0.378967710024   0.234214925434
  0.378967710024  -0.234214925434   0.226995249870
  0.234214925434  -0.226995249870   0.378967710024
  0.323288895899  -0.282127105883   0.256687720615
 -0.040543146722  -0.307821010437   0.391921521210
 -0.078217232520  -0.420088942663   0.259629244864
  0.118543162675  -0.379326150082   0.303412574636
 -0.040570925810  -0.390102185355   0.310119791307
 -0.201677674309  -0.457521710616   0.000000000000
 -0.041121232640  -0.493844170297   0.066535552071
 -0.187519283739  -0.421955737311   0.191806866342
 -0.110058513736  -0.483196298701   0.066396238414
  0.242220821030  -0.432464667932   0.065600189407
  0.119338465160  -0.445503262094   0.193093692794
  0.068976121064  -0.495219440979   0.000000000000
  0.150629439546  -0.458122087595   0.132041375329
 -0.119338465160  -0.445503262094   0.193093692794
  0.041121232640  -0.493844170297   0.066535552071
  0.078217232520  -0.420088942663   0.259629244864
  0.000000000000  -0.481930631734   0.133202350567
 -0.065600189407  -0.242220821030   0.432464667932
 -0.234214925434  -0.226995249870   0.378967710024
 -0.118543162675  -0.379326150082   0.303412574636
 -0.173076507395  -0.258060810026   0.391725849181
 -0.432464667932  -0.065600189407   0.242220821030
 -0.378967710024  -0.234214925434   0.226995249870
 -0.303412574636  -0.118543162675   0.379326150082
 -0.391725849181  -0.173076507395   0.258060810026
 -0.242220821030  -0.432464667932   0.065600189407
 -0.226995249870  -0.378967710024   0.234214925434
 -0.379326150082  -0.303412574636   0.118543162675
 -0.258060810026  -0.391725849181   0.173076507395
 -0.300750477504  -0.185874017230   0.353553390593
 -0.353553390593  -0.300750477504   0.185874017230
 -0.185874017230  -0.353553390593   0.300750477504
 -0.323288895899  -0.282127105883   0.256687720615
  0.307821010437   0.391921521210   0.040543146722
  0.420088942663   0.259629244864   0.078217232520
  0.379326150082   0.303412574636  -0.118543162675
  0.390102185355   0.310119791307   0.040570925810
  0.457521710616   0.000000000000   0.201677674309
  0.493844170297   0.066535552071   0.041121232640
  0.421955737311   0.191806866342   0.187519283739
  0.483196298701   0.066396238414   0.110058513736
  0.432464667932   0.065600189407  -0.242220821030
  0.445503262094   0.193093692794  -0.119338465160
  0.495219440979   0.000000000000  -0.068976121064
  0.458122087595   0.132041375329  -0.150629439546
  0.445503262094   0.193093692794   0.119338465160
  0.493844170297   0.066535552071  -0.041121232640
  0.420088942663   0.259629244864  -0.078217232520
  0.481930631734   0.133202350567   0.000000000000
  0.307821010437  -0.391921521210  -0.040543146722
  0.420088942663  -0.259629244864  -0.078217232520
  0.379326150082  -0.303412574636   0.118543162675
  0.390102185355  -0.310119791307  -0.040570925810
  0.457521710616   0.000000000000  -0.201677674309
  0.493844170297  -0.066535552071  -0.041121232640
  0.421955737311  -0.191806866342  -0.187519283739
  0.483196298701  -0.066396238414  -0.110058513736
  0.432464667932  -0.065600189407   0.242220821030
  0.445503262094  -0.193093692794   0.119338465160
  0.495219440979   0.000000000000   0.068976121064
  0.458122087595  -0.132041375329   0.150629439546
  0.445503262094  -0.193093692794  -0.119338465160
  0.493844170297  -0.066535552071   0.041121232640
  0.420088942663  -0.259629244864   0.078217232520
  0.481930631734  -0.133202350567   0.000000000000
 -0.307821010437  -0.391921521210   0.040543146722
 -0.420088942663  -0.259629244864   0.078217232520
 -0.379326150082  -0.303412574636  -0.118543162675
 -0.390102185355  -0.310119791307   0.040570925810
 -0.457521710616   0.000000000000   0.201677674309
 -0.493844170297  -0.066535552071   0.041121232640
 -0.421955737311  -0.191806866342   0.187519283739
 -0.483196298701  -0.066396238414   0.110058513736
 -0.432464667932  -0.065600189407  -0.242220821030
 -0.445503262094  -0.193093692794  -0.119338465160
 -0.495219440979   0.000000000000  -0.068976121064
 -0.458122087595  -0.132041375329  -0.150629439546
 -0.445503262094  -0.193093692794   0.119338465160
 -0.493844170297  -0.066535552071  -0.041121232640
 -0.420088942663  -0.259629244864  -0.078217232520
 -0.481930631734  -0.133202350567   0.000000000000
 -0.307821010437   0.391921521210  -0.040543146722
 -0.420088942663   0.259629244864  -0.078217232520
 -0.379326150082   0.303412574636   0.118543162675
 -0.390102185355   0.310119791307  -0.040570925810
 -0.457521710616   0.000000000000  -0.201677674309
 -0.493844170297   0.066535552071  -0.041121232640
 -0.421955737311   0.191806866342  -0.187519283739
 -0.483196298701   0.066396238414  -0.110058513736
 -0.432464667932   0.065600189407   0.242220821030
 -0.445503262094   0.193093692794   0.119338465160
 -0.495219440979   0.000000000000   0.068976121064
 -0.458122087595   0.132041375329   0.150629439546
 -0.445503262094   0.193093692794  -0.119338465160
 -0.493844170297   0.066535552071   0.041121232640
 -0.420088942663   0.259629244864   0.078217232520
 -0.481930631734   0.133202350567   0.000000000000
  0.065827685676   0.179114396743   0.462152300305
  0.132041375329   0.150629439546   0.458122087595
  0.065827685676  -0.179114396743   0.462152300305
  0.066396238414  -0.110058513736   0.483196298701
  0.355640867481   0.000000000000   0.351453515244
  0.310119791307  -0.040570925810   0.390102185355
  0.133202350567   0.000000000000   0.481930631734
  0.199803525851   0.041161790016   0.456491246466
  0.000000000000   0.351453515244   0.355640867481
 -0.040570925810   0.390102185355   0.310119791307
  0.179114396743   0.462152300305   0.065827685676
  0.150629439546   0.458122087595   0.132041375329
 -0.179114396743   0.462152300305   0.065827685676
 -0.110058513736   0.483196298701   0.066396238414
  0.041161790016   0.456491246466   0.199803525851
 -0.041161790016   0.456491246466   0.199803525851
 -0.106511432824   0.285625829568   0.396324614630
 -0.173076507395   0.258060810026   0.391725849181
 -0.285625829568   0.396324614630   0.106511432824
 -0.258060810026   0.391725849181   0.173076507395
 -0.396324614630   0.106511432824   0.285625829568
 -0.391725849181   0.173076507395   0.258060810026
 -0.256687720615   0.323288895899   0.282127105883
 -0.282127105883   0.256687720615   0.323288895899
  0.106511432824   0.285625829568   0.396324614630
  0.148002296289   0.323705946941   0.351154923372
  0.396324614630   0.106511432824   0.285625829568
  0.351154923372   0.148002296289   0.323705946941
  0.285625829568   0.396324614630   0.106511432824
  0.323705946941   0.351154923372   0.148002296289
  0.282127105883   0.256687720615   0.323288895899
  0.256687720615   0.323288895899   0.282127105883
 -0.065827685676   0.179114396743   0.462152300305
 -0.066396238414   0.110058513736   0.483196298701
 -0.355640867481   0.000000000000   0.351453515244
 -0.310119791307   0.040570925810   0.390102185355
 -0.065827685676  -0.179114396743   0.462152300305
 -0.132041375329  -0.150629439546   0.458122087595
 -0.199803525851   0.041161790016   0.456491246466
 -0.133202350567   0.000000000000   0.481930631734
 -0.065827685676   0.179114396743  -0.462152300305
 -0.132041375329   0.150629439546  -0.458122087595
 -0.065827685676  -0.179114396743  -0.462152300305
 -0.066396238414  -0.110058513736  -0.483196298701
 -0.355640867481   0.000000000000  -0.351453515244
 -0.310119791307  -0.040570925810  -0.390102185355
 -0.133202350567   0.000000000000  -0.481930631734
 -0.199803525851   0.041161790016  -0.456491246466
  0.106511432824   0.285625829568  -0.396324614630
  0.173076507395   0.258060810026  -0.391725849181
  0.285625829568   0.396324614630  -0.106511432824
  0.258060810026   0.391725849181  -0.173076507395
  0.396324614630   0.106511432824  -0.285625829568
  0.391725849181   0.173076507395  -0.258060810026
  0.256687720615   0.323288895899  -0.282127105883
  0.282127105883   0.256687720615  -0.323288895899
  0.000000000000   0.351453515244  -0.355640867481
  0.040570925810   0.390102185355  -0.310119791307
 -0.179114396743   0.462152300305  -0.065827685676
 -0.150629439546   0.458122087595  -0.132041375329
  0.179114396743   0.462152300305  -0.065827685676
  0.110058513736   0.483196298701  -0.066396238414
 -0.041161790016   0.456491246466  -0.199803525851
  0.041161790016   0.456491246466  -0.199803525851
 -0.106511432824   0.285625829568  -0.396324614630
 -0.148002296289   0.323705946941  -0.351154923372
 -0.396324614630   0.106511432824  -0.285625829568
 -0.351154923372   0.148002296289  -0.323705946941
 -0.285625829568   0.396324614630  -0.106511432824
 -0.323705946941   0.351154923372  -0.148002296289
 -0.282127105883   0.256687720615  -0.323288895899
 -0.256687720615   0.323288895899  -0.282127105883
  0.065827685676   0.179114396743  -0.462152300305
  0.066396238414   0.110058513736  -0.483196298701
  0.355640867481   0.000000000000  -0.351453515244
  0.310119791307   0.040570925810  -0.390102185355
  0.065827685676  -0.179114396743  -0.462152300305
  0.132041375329  -0.150629439546  -0.458122087595
  0.199803525851   0.041161790016  -0.456491246466
  0.133202350567   0.000000000000  -0.481930631734
  0.000000000000  -0.351453515244  -0.355640867481
 -0.040570925810  -0.390102185355  -0.310119791307
  0.179114396743  -0.462152300305  -0.065827685676
  0.150629439546  -0.458122087595  -0.132041375329
 -0.179114396743  -0.462152300305  -0.065827685676
 -0.110058513736  -0.483196298701  -0.066396238414
  0.041161790016  -0.456491246466  -0.199803525851
 -0.041161790016  -0.456491246466  -0.199803525851
 -0.106511432824  -0.285625829568  -0.396324614630
 -0.173076507395  -0.258060810026  -0.391725849181
 -0.285625829568  -0.396324614630  -0.106511432824
 -0.258060810026  -0.391725849181  -0.173076507395
 -0.396324614630  -0.106511432824  -0.285625829568
 -0.391725849181  -0.173076507395  -0.258060810026
 -0.256687720615  -0.323288895899  -0.282127105883
 -0.282127105883  -0.256687720615  -0.323288895899
  0.106511432824  -0.285625829568  -0.396324614630
  0.148002296289  -0.323705946941  -0.351154923372
  0.396324614630  -0.106511432824  -0.285625829568
  0.351154923372  -0.148002296289  -0.323705946941
  0.285625829568  -0.396324614630  -0.106511432824
  0.323705946941  -0.351154923372  -0.148002296289
  0.282127105883  -0.256687720615  -0.323288895899
  0.256687720615  -0.323288895899  -0.282127105883
  0.106511432824  -0.285625829568   0.396324614630
  0.173076507395  -0.258060810026   0.391725849181
  0.285625829568  -0.396324614630   0.106511432824
  0.258060810026  -0.391725849181   0.173076507395
  0.396324614630  -0.106511432824   0.285625829568
  0.391725849181  -0.173076507395   0.258060810026
  0.256687720615  -0.323288895899   0.282127105883
  0.282127105883  -0.256687720615   0.323288895899
  0.000000000000  -0.351453515244   0.355640867481
  0.040570925810  -0.390102185355   0.310119791307
 -0.179114396743  -0.462152300305   0.065827685676
 -0.150629439546  -0.458122087595   0.132041375329
  0.179114396743  -0.462152300305   0.065827685676
  0.110058513736  -0.483196298701   0.066396238414
 -0.041161790016  -0.456491246466   0.199803525851
  0.041161790016  -0.456491246466   0.199803525851
 -0.106511432824  -0.285625829568   0.396324614630
 -0.148002296289  -0.323705946941   0.351154923372
 -0.396324614630  -0.106511432824   0.285625829568
 -0.351154923372  -0.148002296289   0.323705946941
 -0.285625829568  -0.396324614630   0.106511432824
 -0.323705946941  -0.351154923372   0.148002296289
 -0.282127105883  -0.256687720615   0.323288895899
 -0.256687720615  -0.323288895899   0.282127105883
  0.351453515244   0.355640867481   0.000000000000
  0.390102185355   0.310119791307  -0.040570925810
  0.462152300305   0.065827685676   0.179114396743
  0.458122087595   0.132041375329   0.150629439546
  0.462152300305   0.065827685676  -0.179114396743
  0.483196298701   0.066396238414  -0.110058513736
  0.456491246466   0.199803525851   0.041161790016
  0.456491246466   0.199803525851  -0.041161790016
  0.351453515244  -0.355640867481   0.000000000000
  0.390102185355  -0.310119791307   0.040570925810
  0.462152300305  -0.065827685676  -0.179114396743
  0.458122087595  -0.132041375329  -0.150629439546
  0.462152300305  -0.065827685676   0.179114396743
  0.483196298701  -0.066396238414   0.110058513736
  0.456491246466  -0.199803525851  -0.041161790016
  0.456491246466  -0.199803525851   0.041161790016
 -0.351453515244  -0.355640867481   0.000000000000
 -0.390102185355  -0.310119791307  -0.040570925810
 -0.462152300305  -0.065827685676   0.179114396743
 -0.458122087595  -0.132041375329   0.150629439546
 -0.462152300305  -0.065827685676  -0.179114396743
 -0.483196298701  -0.066396238414  -0.110058513736
 -0.456491246466  -0.199803525851   0.041161790016
 -0.456491246466  -0.199803525851  -0.041161790016
 -0.351453515244   0.355640867481   0.000000000000
 -0.390102185355   0.310119791307   0.040570925810
 -0.462152300305   0.065827685676  -0.179114396743
 -0.458122087595   0.132041375329  -0.150629439546
 -0.462152300305   0.065827685676   0.179114396743
 -0.483196298701   0.066396238414   0.110058513736
 -0.456491246466   0.199803525851  -0.041161790016
 -0.456491246466   0.199803525851   0.041161790016
