&vertexinfo nvertex = 1284, ndimension = 3, &end
  0.000000000000   0.525731112119   0.850650808352
  0.000000000000   0.525731112119  -0.850650808352
  0.000000000000  -0.525731112119  -0.850650808352
  0.000000000000  -0.525731112119   0.850650808352
  0.525731112119   0.850650808352   0.000000000000
  0.525731112119  -0.850650808352   0.000000000000
 -0.525731112119  -0.850650808352   0.000000000000
 -0.525731112119   0.850650808352   0.000000000000
  0.850650808352   0.000000000000   0.525731112119
 -0.850650808352   0.000000000000   0.525731112119
 -0.850650808352   0.000000000000  -0.525731112119
  0.850650808352   0.000000000000  -0.525731112119
  0.000000000000   0.000000000000   1.000000000000
  0.309016994375   0.809016994375   0.500000000000
 -0.309016994375   0.809016994375   0.500000000000
  0.500000000000   0.309016994375   0.809016994375
 -0.500000000000   0.309016994375   0.809016994375
  0.000000000000   0.000000000000  -1.000000000000
  0.309016994375   0.809016994375  -0.500000000000
 -0.309016994375   0.809016994375  -0.500000000000
 -0.500000000000   0.309016994375  -0.809016994375
  0.500000000000   0.309016994375  -0.809016994375
  0.309016994375  -0.809016994375  -0.500000000000
 -0.309016994375  -0.809016994375  -0.500000000000
  0.500000000000  -0.309016994375  -0.809016994375
  0.309016994375  -0.809016994375   0.500000000000
 -0.309016994375  -0.809016994375   0.500000000000
 -0.500000000000  -0.309016994375   0.809016994375
  0.809016994375   0.500000000000   0.309016994375
  0.809016994375  -0.500000000000  -0.309016994375
 -0.809016994375  -0.500000000000   0.309016994375
 -0.809016994375   0.500000000000  -0.309016994375
  0.500000000000  -0.309016994375   0.809016994375
  0.000000000000   1.000000000000   0.000000000000
 -0.809016994375   0.500000000000   0.309016994375
 -0.500000000000  -0.309016994375  -0.809016994375
  0.809016994375   0.500000000000  -0.309016994375
  0.000000000000  -1.000000000000   0.000000000000
 -0.809016994375  -0.500000000000  -0.309016994375
  0.809016994375  -0.500000000000   0.309016994375
  1.000000000000   0.000000000000   0.000000000000
 -1.000000000000   0.000000000000   0.000000000000
  0.000000000000   0.273266528913   0.961938357784
  0.259891913008  -0.433888564553   0.862668480416
  0.702046444776   0.160622035640   0.693780477560
  0.262865556060  -0.162459848116   0.951056516295
  0.160622035640   0.693780477560   0.702046444776
  0.273266528913   0.961938357784   0.000000000000
 -0.433888564553   0.862668480416   0.259891913008
  0.162459848116   0.951056516295   0.262865556060
 -0.160622035640   0.693780477560   0.702046444776
 -0.693780477560   0.702046444776   0.160622035640
 -0.702046444776   0.160622035640   0.693780477560
 -0.587785252292   0.688190960236   0.425325404176
  0.259891913008   0.433888564553   0.862668480416
  0.862668480416   0.259891913008   0.433888564553
  0.433888564553   0.862668480416   0.259891913008
  0.688190960236   0.425325404176   0.587785252292
 -0.259891913008   0.433888564553   0.862668480416
 -0.702046444776  -0.160622035640   0.693780477560
  0.000000000000  -0.273266528913   0.961938357784
 -0.525731112119   0.000000000000   0.850650808352
  0.000000000000   0.273266528913  -0.961938357784
 -0.259891913008  -0.433888564553  -0.862668480416
 -0.702046444776   0.160622035640  -0.693780477560
 -0.262865556060  -0.162459848116  -0.951056516295
  0.160622035640   0.693780477560  -0.702046444776
  0.693780477560   0.702046444776  -0.160622035640
  0.702046444776   0.160622035640  -0.693780477560
  0.587785252292   0.688190960236  -0.425325404176
 -0.160622035640   0.693780477560  -0.702046444776
 -0.273266528913   0.961938357784   0.000000000000
  0.433888564553   0.862668480416  -0.259891913008
 -0.162459848116   0.951056516295  -0.262865556060
 -0.259891913008   0.433888564553  -0.862668480416
 -0.862668480416   0.259891913008  -0.433888564553
 -0.433888564553   0.862668480416  -0.259891913008
 -0.688190960236   0.425325404176  -0.587785252292
  0.259891913008   0.433888564553  -0.862668480416
  0.702046444776  -0.160622035640  -0.693780477560
  0.000000000000  -0.273266528913  -0.961938357784
  0.525731112119   0.000000000000  -0.850650808352
  0.160622035640  -0.693780477560  -0.702046444776
  0.273266528913  -0.961938357784   0.000000000000
 -0.433888564553  -0.862668480416  -0.259891913008
  0.162459848116  -0.951056516295  -0.262865556060
 -0.160622035640  -0.693780477560  -0.702046444776
 -0.693780477560  -0.702046444776  -0.160622035640
 -0.702046444776  -0.160622035640  -0.693780477560
 -0.587785252292  -0.688190960236  -0.425325404176
  0.259891913008  -0.433888564553  -0.862668480416
  0.862668480416  -0.259891913008  -0.433888564553
  0.433888564553  -0.862668480416  -0.259891913008
  0.688190960236  -0.425325404176  -0.587785252292
  0.160622035640  -0.693780477560   0.702046444776
  0.693780477560  -0.702046444776   0.160622035640
  0.702046444776  -0.160622035640   0.693780477560
  0.587785252292  -0.688190960236   0.425325404176
 -0.160622035640  -0.693780477560   0.702046444776
 -0.273266528913  -0.961938357784   0.000000000000
  0.433888564553  -0.862668480416   0.259891913008
 -0.162459848116  -0.951056516295   0.262865556060
 -0.259891913008  -0.433888564553   0.862668480416
 -0.862668480416  -0.259891913008   0.433888564553
 -0.433888564553  -0.862668480416   0.259891913008
 -0.688190960236  -0.425325404176   0.587785252292
  0.693780477560   0.702046444776   0.160622035640
  0.961938357784   0.000000000000   0.273266528913
  0.862668480416   0.259891913008  -0.433888564553
  0.951056516295   0.262865556060   0.162459848116
  0.693780477560  -0.702046444776  -0.160622035640
  0.961938357784   0.000000000000  -0.273266528913
  0.862668480416  -0.259891913008   0.433888564553
  0.951056516295  -0.262865556060  -0.162459848116
 -0.693780477560  -0.702046444776   0.160622035640
 -0.961938357784   0.000000000000   0.273266528913
 -0.862668480416  -0.259891913008  -0.433888564553
 -0.951056516295  -0.262865556060   0.162459848116
 -0.693780477560   0.702046444776  -0.160622035640
 -0.961938357784   0.000000000000  -0.273266528913
 -0.862668480416   0.259891913008   0.433888564553
 -0.951056516295   0.262865556060  -0.162459848116
  0.262865556060   0.162459848116   0.951056516295
  0.525731112119   0.000000000000   0.850650808352
  0.000000000000   0.850650808352   0.525731112119
 -0.162459848116   0.951056516295   0.262865556060
 -0.425325404176   0.587785252292   0.688190960236
 -0.688190960236   0.425325404176   0.587785252292
  0.425325404176   0.587785252292   0.688190960236
  0.587785252292   0.688190960236   0.425325404176
 -0.262865556060   0.162459848116   0.951056516295
 -0.262865556060  -0.162459848116   0.951056516295
 -0.262865556060   0.162459848116  -0.951056516295
 -0.525731112119   0.000000000000  -0.850650808352
  0.425325404176   0.587785252292  -0.688190960236
  0.688190960236   0.425325404176  -0.587785252292
  0.000000000000   0.850650808352  -0.525731112119
  0.162459848116   0.951056516295  -0.262865556060
 -0.425325404176   0.587785252292  -0.688190960236
 -0.587785252292   0.688190960236  -0.425325404176
  0.262865556060   0.162459848116  -0.951056516295
  0.262865556060  -0.162459848116  -0.951056516295
  0.000000000000  -0.850650808352  -0.525731112119
 -0.162459848116  -0.951056516295  -0.262865556060
 -0.425325404176  -0.587785252292  -0.688190960236
 -0.688190960236  -0.425325404176  -0.587785252292
  0.425325404176  -0.587785252292  -0.688190960236
  0.587785252292  -0.688190960236  -0.425325404176
  0.425325404176  -0.587785252292   0.688190960236
  0.688190960236  -0.425325404176   0.587785252292
  0.000000000000  -0.850650808352   0.525731112119
  0.162459848116  -0.951056516295   0.262865556060
 -0.425325404176  -0.587785252292   0.688190960236
 -0.587785252292  -0.688190960236   0.425325404176
  0.850650808352   0.525731112119   0.000000000000
  0.951056516295   0.262865556060  -0.162459848116
  0.850650808352  -0.525731112119   0.000000000000
  0.951056516295  -0.262865556060   0.162459848116
 -0.850650808352  -0.525731112119   0.000000000000
 -0.951056516295  -0.262865556060  -0.162459848116
 -0.850650808352   0.525731112119   0.000000000000
 -0.951056516295   0.262865556060   0.162459848116
  0.000000000000   0.403355348617   0.915043421233
  0.133071104141   0.082242465279   0.987688340595
  0.383613732685   0.375038567478   0.843911474622
  0.132792476828   0.220117027473   0.966392597402
  0.131200378813  -0.484441642061   0.864929335863
  0.386187385588  -0.238676930320   0.891006524188
  0.000000000000  -0.137952242128   0.990438881957
  0.264082750659  -0.301258879093   0.916244175191
  0.783843042420   0.081086293443   0.615642020874
  0.519258489728   0.156434465040   0.840177885327
  0.606825149272  -0.237086325351   0.758652300163
  0.620239582613   0.081141851620   0.780204370710
  0.133071104141  -0.082242465279   0.987688340595
  0.519258489728  -0.156434465040   0.840177885327
  0.386187385588   0.238676930320   0.891006524188
  0.399607051702  -0.082323580032   0.912982492932
  0.081086293443   0.615642020874   0.783843042420
  0.156434465040   0.840177885327   0.519258489728
 -0.237086325351   0.758652300163   0.606825149272
  0.081141851620   0.780204370710   0.620239582613
  0.403355348617   0.915043421233   0.000000000000
  0.082242465279   0.987688340595   0.133071104141
  0.375038567478   0.843911474622   0.383613732685
  0.220117027473   0.966392597402   0.132792476828
 -0.484441642061   0.864929335863   0.131200378813
 -0.238676930320   0.891006524188   0.386187385588
 -0.137952242128   0.990438881957   0.000000000000
 -0.301258879093   0.916244175191   0.264082750659
  0.238676930320   0.891006524188   0.386187385588
 -0.082242465279   0.987688340595   0.133071104141
 -0.156434465040   0.840177885327   0.519258489728
  0.000000000000   0.963861263468   0.266404701135
 -0.081086293443   0.615642020874   0.783843042420
 -0.371748034460   0.707106781187   0.601500955008
 -0.383613732685   0.375038567478   0.843911474622
 -0.296004592578   0.647411893882   0.702309846743
 -0.615642020874   0.783843042420   0.081086293443
 -0.707106781187   0.601500955008   0.371748034460
 -0.375038567478   0.843911474622   0.383613732685
 -0.647411893882   0.702309846743   0.296004592578
 -0.783843042420   0.081086293443   0.615642020874
 -0.601500955008   0.371748034460   0.707106781187
 -0.843911474622   0.383613732685   0.375038567478
 -0.702309846743   0.296004592578   0.647411893882
 -0.453990499740   0.757935420048   0.468429850867
 -0.757935420048   0.468429850867   0.453990499740
 -0.468429850867   0.453990499740   0.757935420048
 -0.646577791798   0.564254211766   0.513375441230
  0.131200378813   0.484441642061   0.864929335863
  0.468429850867   0.453990499740   0.757935420048
  0.237086325351   0.758652300163   0.606825149272
  0.346153014789   0.516121620051   0.783451698363
  0.864929335863   0.131200378813   0.484441642061
  0.757935420048   0.468429850867   0.453990499740
  0.606825149272   0.237086325351   0.758652300163
  0.783451698363   0.346153014789   0.516121620051
  0.484441642061   0.864929335863   0.131200378813
  0.453990499740   0.757935420048   0.468429850867
  0.758652300163   0.606825149272   0.237086325351
  0.516121620051   0.783451698363   0.346153014789
  0.601500955008   0.371748034460   0.707106781187
  0.707106781187   0.601500955008   0.371748034460
  0.371748034460   0.707106781187   0.601500955008
  0.646577791798   0.564254211766   0.513375441230
 -0.131200378813   0.484441642061   0.864929335863
 -0.386187385588   0.238676930320   0.891006524188
  0.000000000000   0.137952242128   0.990438881957
 -0.264082750659   0.301258879093   0.916244175191
 -0.783843042420  -0.081086293443   0.615642020874
 -0.519258489728  -0.156434465040   0.840177885327
 -0.606825149272   0.237086325351   0.758652300163
 -0.620239582613  -0.081141851620   0.780204370710
  0.000000000000  -0.403355348617   0.915043421233
 -0.133071104141  -0.082242465279   0.987688340595
 -0.383613732685  -0.375038567478   0.843911474622
 -0.132792476828  -0.220117027473   0.966392597402
 -0.519258489728   0.156434465040   0.840177885327
 -0.386187385588  -0.238676930320   0.891006524188
 -0.133071104141   0.082242465279   0.987688340595
 -0.399607051702  -0.082323580032   0.912982492932
  0.000000000000   0.403355348617  -0.915043421233
 -0.133071104141   0.082242465279  -0.987688340595
 -0.383613732685   0.375038567478  -0.843911474622
 -0.132792476828   0.220117027473  -0.966392597402
 -0.131200378813  -0.484441642061  -0.864929335863
 -0.386187385588  -0.238676930320  -0.891006524188
  0.000000000000  -0.137952242128  -0.990438881957
 -0.264082750659  -0.301258879093  -0.916244175191
 -0.783843042420   0.081086293443  -0.615642020874
 -0.519258489728   0.156434465040  -0.840177885327
 -0.606825149272  -0.237086325351  -0.758652300163
 -0.620239582613   0.081141851620  -0.780204370710
 -0.133071104141  -0.082242465279  -0.987688340595
 -0.519258489728  -0.156434465040  -0.840177885327
 -0.386187385588   0.238676930320  -0.891006524188
 -0.399607051702  -0.082323580032  -0.912982492932
  0.081086293443   0.615642020874  -0.783843042420
  0.371748034460   0.707106781187  -0.601500955008
  0.383613732685   0.375038567478  -0.843911474622
  0.296004592578   0.647411893882  -0.702309846743
  0.615642020874   0.783843042420  -0.081086293443
  0.707106781187   0.601500955008  -0.371748034460
  0.375038567478   0.843911474622  -0.383613732685
  0.647411893882   0.702309846743  -0.296004592578
  0.783843042420   0.081086293443  -0.615642020874
  0.601500955008   0.371748034460  -0.707106781187
  0.843911474622   0.383613732685  -0.375038567478
  0.702309846743   0.296004592578  -0.647411893882
  0.453990499740   0.757935420048  -0.468429850867
  0.757935420048   0.468429850867  -0.453990499740
  0.468429850867   0.453990499740  -0.757935420048
  0.646577791798   0.564254211766  -0.513375441230
 -0.081086293443   0.615642020874  -0.783843042420
 -0.156434465040   0.840177885327  -0.519258489728
  0.237086325351   0.758652300163  -0.606825149272
 -0.081141851620   0.780204370710  -0.620239582613
 -0.403355348617   0.915043421233   0.000000000000
 -0.082242465279   0.987688340595  -0.133071104141
 -0.375038567478   0.843911474622  -0.383613732685
 -0.220117027473   0.966392597402  -0.132792476828
  0.484441642061   0.864929335863  -0.131200378813
  0.238676930320   0.891006524188  -0.386187385588
  0.137952242128   0.990438881957   0.000000000000
  0.301258879093   0.916244175191  -0.264082750659
 -0.238676930320   0.891006524188  -0.386187385588
  0.082242465279   0.987688340595  -0.133071104141
  0.156434465040   0.840177885327  -0.519258489728
  0.000000000000   0.963861263468  -0.266404701135
 -0.131200378813   0.484441642061  -0.864929335863
 -0.468429850867   0.453990499740  -0.757935420048
 -0.237086325351   0.758652300163  -0.606825149272
 -0.346153014789   0.516121620051  -0.783451698363
 -0.864929335863   0.131200378813  -0.484441642061
 -0.757935420048   0.468429850867  -0.453990499740
 -0.606825149272   0.237086325351  -0.758652300163
 -0.783451698363   0.346153014789  -0.516121620051
 -0.484441642061   0.864929335863  -0.131200378813
 -0.453990499740   0.757935420048  -0.468429850867
 -0.758652300163   0.606825149272  -0.237086325351
 -0.516121620051   0.783451698363  -0.346153014789
 -0.601500955008   0.371748034460  -0.707106781187
 -0.707106781187   0.601500955008  -0.371748034460
 -0.371748034460   0.707106781187  -0.601500955008
 -0.646577791798   0.564254211766  -0.513375441230
  0.131200378813   0.484441642061  -0.864929335863
  0.386187385588   0.238676930320  -0.891006524188
  0.000000000000   0.137952242128  -0.990438881957
  0.264082750659   0.301258879093  -0.916244175191
  0.783843042420  -0.081086293443  -0.615642020874
  0.519258489728  -0.156434465040  -0.840177885327
  0.606825149272   0.237086325351  -0.758652300163
  0.620239582613  -0.081141851620  -0.780204370710
  0.000000000000  -0.403355348617  -0.915043421233
  0.133071104141  -0.082242465279  -0.987688340595
  0.383613732685  -0.375038567478  -0.843911474622
  0.132792476828  -0.220117027473  -0.966392597402
  0.519258489728   0.156434465040  -0.840177885327
  0.386187385588  -0.238676930320  -0.891006524188
  0.133071104141   0.082242465279  -0.987688340595
  0.399607051702  -0.082323580032  -0.912982492932
  0.081086293443  -0.615642020874  -0.783843042420
  0.156434465040  -0.840177885327  -0.519258489728
 -0.237086325351  -0.758652300163  -0.606825149272
  0.081141851620  -0.780204370710  -0.620239582613
  0.403355348617  -0.915043421233   0.000000000000
  0.082242465279  -0.987688340595  -0.133071104141
  0.375038567478  -0.843911474622  -0.383613732685
  0.220117027473  -0.966392597402  -0.132792476828
 -0.484441642061  -0.864929335863  -0.131200378813
 -0.238676930320  -0.891006524188  -0.386187385588
 -0.137952242128  -0.990438881957   0.000000000000
 -0.301258879093  -0.916244175191  -0.264082750659
  0.238676930320  -0.891006524188  -0.386187385588
 -0.082242465279  -0.987688340595  -0.133071104141
 -0.156434465040  -0.840177885327  -0.519258489728
  0.000000000000  -0.963861263468  -0.266404701135
 -0.081086293443  -0.615642020874  -0.783843042420
 -0.371748034460  -0.707106781187  -0.601500955008
 -0.383613732685  -0.375038567478  -0.843911474622
 -0.296004592578  -0.647411893882  -0.702309846743
 -0.615642020874  -0.783843042420  -0.081086293443
 -0.707106781187  -0.601500955008  -0.371748034460
 -0.375038567478  -0.843911474622  -0.383613732685
 -0.647411893882  -0.702309846743  -0.296004592578
 -0.783843042420  -0.081086293443  -0.615642020874
 -0.601500955008  -0.371748034460  -0.707106781187
 -0.843911474622  -0.383613732685  -0.375038567478
 -0.702309846743  -0.296004592578  -0.647411893882
 -0.453990499740  -0.757935420048  -0.468429850867
 -0.757935420048  -0.468429850867  -0.453990499740
 -0.468429850867  -0.453990499740  -0.757935420048
 -0.646577791798  -0.564254211766  -0.513375441230
  0.131200378813  -0.484441642061  -0.864929335863
  0.468429850867  -0.453990499740  -0.757935420048
  0.237086325351  -0.758652300163  -0.606825149272
  0.346153014789  -0.516121620051  -0.783451698363
  0.864929335863  -0.131200378813  -0.484441642061
  0.757935420048  -0.468429850867  -0.453990499740
  0.606825149272  -0.237086325351  -0.758652300163
  0.783451698363  -0.346153014789  -0.516121620051
  0.484441642061  -0.864929335863  -0.131200378813
  0.453990499740  -0.757935420048  -0.468429850867
  0.758652300163  -0.606825149272  -0.237086325351
  0.516121620051  -0.783451698363  -0.346153014789
  0.601500955008  -0.371748034460  -0.707106781187
  0.707106781187  -0.601500955008  -0.371748034460
  0.371748034460  -0.707106781187  -0.601500955008
  0.646577791798  -0.564254211766  -0.513375441230
  0.081086293443  -0.615642020874   0.783843042420
  0.371748034460  -0.707106781187   0.601500955008
  0.383613732685  -0.375038567478   0.843911474622
  0.296004592578  -0.647411893882   0.702309846743
  0.615642020874  -0.783843042420   0.081086293443
  0.707106781187  -0.601500955008   0.371748034460
  0.375038567478  -0.843911474622   0.383613732685
  0.647411893882  -0.702309846743   0.296004592578
  0.783843042420  -0.081086293443   0.615642020874
  0.601500955008  -0.371748034460   0.707106781187
  0.843911474622  -0.383613732685   0.375038567478
  0.702309846743  -0.296004592578   0.647411893882
  0.453990499740  -0.757935420048   0.468429850867
  0.757935420048  -0.468429850867   0.453990499740
  0.468429850867  -0.453990499740   0.757935420048
  0.646577791798  -0.564254211766   0.513375441230
 -0.081086293443  -0.615642020874   0.783843042420
 -0.156434465040  -0.840177885327   0.519258489728
  0.237086325351  -0.758652300163   0.606825149272
 -0.081141851620  -0.780204370710   0.620239582613
 -0.403355348617  -0.915043421233   0.000000000000
 -0.082242465279  -0.987688340595   0.133071104141
 -0.375038567478  -0.843911474622   0.383613732685
 -0.220117027473  -0.966392597402   0.132792476828
  0.484441642061  -0.864929335863   0.131200378813
  0.238676930320  -0.891006524188   0.386187385588
  0.137952242128  -0.990438881957   0.000000000000
  0.301258879093  -0.916244175191   0.264082750659
 -0.238676930320  -0.891006524188   0.386187385588
  0.082242465279  -0.987688340595   0.133071104141
  0.156434465040  -0.840177885327   0.519258489728
  0.000000000000  -0.963861263468   0.266404701135
 -0.131200378813  -0.484441642061   0.864929335863
 -0.468429850867  -0.453990499740   0.757935420048
 -0.237086325351  -0.758652300163   0.606825149272
 -0.346153014789  -0.516121620051   0.783451698363
 -0.864929335863  -0.131200378813   0.484441642061
 -0.757935420048  -0.468429850867   0.453990499740
 -0.606825149272  -0.237086325351   0.758652300163
 -0.783451698363  -0.346153014789   0.516121620051
 -0.484441642061  -0.864929335863   0.131200378813
 -0.453990499740  -0.757935420048   0.468429850867
 -0.758652300163  -0.606825149272   0.237086325351
 -0.516121620051  -0.783451698363   0.346153014789
 -0.601500955008  -0.371748034460   0.707106781187
 -0.707106781187  -0.601500955008   0.371748034460
 -0.371748034460  -0.707106781187   0.601500955008
 -0.646577791798  -0.564254211766   0.513375441230
  0.615642020874   0.783843042420   0.081086293443
  0.840177885327   0.519258489728   0.156434465040
  0.758652300163   0.606825149272  -0.237086325351
  0.780204370710   0.620239582613   0.081141851620
  0.915043421233   0.000000000000   0.403355348617
  0.987688340595   0.133071104141   0.082242465279
  0.843911474622   0.383613732685   0.375038567478
  0.966392597402   0.132792476828   0.220117027473
  0.864929335863   0.131200378813  -0.484441642061
  0.891006524188   0.386187385588  -0.238676930320
  0.990438881957   0.000000000000  -0.137952242128
  0.916244175191   0.264082750659  -0.301258879093
  0.891006524188   0.386187385588   0.238676930320
  0.987688340595   0.133071104141  -0.082242465279
  0.840177885327   0.519258489728  -0.156434465040
  0.963861263468   0.266404701135   0.000000000000
  0.615642020874  -0.783843042420  -0.081086293443
  0.840177885327  -0.519258489728  -0.156434465040
  0.758652300163  -0.606825149272   0.237086325351
  0.780204370710  -0.620239582613  -0.081141851620
  0.915043421233   0.000000000000  -0.403355348617
  0.987688340595  -0.133071104141  -0.082242465279
  0.843911474622  -0.383613732685  -0.375038567478
  0.966392597402  -0.132792476828  -0.220117027473
  0.864929335863  -0.131200378813   0.484441642061
  0.891006524188  -0.386187385588   0.238676930320
  0.990438881957   0.000000000000   0.137952242128
  0.916244175191  -0.264082750659   0.301258879093
  0.891006524188  -0.386187385588  -0.238676930320
  0.987688340595  -0.133071104141   0.082242465279
  0.840177885327  -0.519258489728   0.156434465040
  0.963861263468  -0.266404701135   0.000000000000
 -0.615642020874  -0.783843042420   0.081086293443
 -0.840177885327  -0.519258489728   0.156434465040
 -0.758652300163  -0.606825149272  -0.237086325351
 -0.780204370710  -0.620239582613   0.081141851620
 -0.915043421233   0.000000000000   0.403355348617
 -0.987688340595  -0.133071104141   0.082242465279
 -0.843911474622  -0.383613732685   0.375038567478
 -0.966392597402  -0.132792476828   0.220117027473
 -0.864929335863  -0.131200378813  -0.484441642061
 -0.891006524188  -0.386187385588  -0.238676930320
 -0.990438881957   0.000000000000  -0.137952242128
 -0.916244175191  -0.264082750659  -0.301258879093
 -0.891006524188  -0.386187385588   0.238676930320
 -0.987688340595  -0.133071104141  -0.082242465279
 -0.840177885327  -0.519258489728  -0.156434465040
 -0.963861263468  -0.266404701135   0.000000000000
 -0.615642020874   0.783843042420  -0.081086293443
 -0.840177885327   0.519258489728  -0.156434465040
 -0.758652300163   0.606825149272   0.237086325351
 -0.780204370710   0.620239582613  -0.081141851620
 -0.915043421233   0.000000000000  -0.403355348617
 -0.987688340595   0.133071104141  -0.082242465279
 -0.843911474622   0.383613732685  -0.375038567478
 -0.966392597402   0.132792476828  -0.220117027473
 -0.864929335863   0.131200378813   0.484441642061
 -0.891006524188   0.386187385588   0.238676930320
 -0.990438881957   0.000000000000   0.137952242128
 -0.916244175191   0.264082750659   0.301258879093
 -0.891006524188   0.386187385588  -0.238676930320
 -0.987688340595   0.133071104141   0.082242465279
 -0.840177885327   0.519258489728   0.156434465040
 -0.963861263468   0.266404701135   0.000000000000
  0.131655371352   0.358228793487   0.924304600611
  0.264082750659   0.301258879093   0.916244175191
  0.131655371352  -0.358228793487   0.924304600611
  0.132792476828  -0.220117027473   0.966392597402
  0.711281734962   0.000000000000   0.702907030488
  0.620239582613  -0.081141851620   0.780204370710
  0.266404701135   0.000000000000   0.963861263468
  0.399607051702   0.082323580032   0.912982492932
  0.000000000000   0.702907030488   0.711281734962
 -0.081141851620   0.780204370710   0.620239582613
  0.358228793487   0.924304600611   0.131655371352
  0.301258879093   0.916244175191   0.264082750659
 -0.358228793487   0.924304600611   0.131655371352
 -0.220117027473   0.966392597402   0.132792476828
  0.082323580032   0.912982492932   0.399607051702
 -0.082323580032   0.912982492932   0.399607051702
 -0.213022865649   0.571251659136   0.792649229259
 -0.346153014789   0.516121620051   0.783451698363
 -0.571251659136   0.792649229259   0.213022865649
 -0.516121620051   0.783451698363   0.346153014789
 -0.792649229259   0.213022865649   0.571251659136
 -0.783451698363   0.346153014789   0.516121620051
 -0.513375441230   0.646577791798   0.564254211766
 -0.564254211766   0.513375441230   0.646577791798
  0.213022865649   0.571251659136   0.792649229259
  0.296004592578   0.647411893882   0.702309846743
  0.792649229259   0.213022865649   0.571251659136
  0.702309846743   0.296004592578   0.647411893882
  0.571251659136   0.792649229259   0.213022865649
  0.647411893882   0.702309846743   0.296004592578
  0.564254211766   0.513375441230   0.646577791798
  0.513375441230   0.646577791798   0.564254211766
 -0.131655371352   0.358228793487   0.924304600611
 -0.132792476828   0.220117027473   0.966392597402
 -0.711281734962   0.000000000000   0.702907030488
 -0.620239582613   0.081141851620   0.780204370710
 -0.131655371352  -0.358228793487   0.924304600611
 -0.264082750659  -0.301258879093   0.916244175191
 -0.399607051702   0.082323580032   0.912982492932
 -0.266404701135   0.000000000000   0.963861263468
 -0.131655371352   0.358228793487  -0.924304600611
 -0.264082750659   0.301258879093  -0.916244175191
 -0.131655371352  -0.358228793487  -0.924304600611
 -0.132792476828  -0.220117027473  -0.966392597402
 -0.711281734962   0.000000000000  -0.702907030488
 -0.620239582613  -0.081141851620  -0.780204370710
 -0.266404701135   0.000000000000  -0.963861263468
 -0.399607051702   0.082323580032  -0.912982492932
  0.213022865649   0.571251659136  -0.792649229259
  0.346153014789   0.516121620051  -0.783451698363
  0.571251659136   0.792649229259  -0.213022865649
  0.516121620051   0.783451698363  -0.346153014789
  0.792649229259   0.213022865649  -0.571251659136
  0.783451698363   0.346153014789  -0.516121620051
  0.513375441230   0.646577791798  -0.564254211766
  0.564254211766   0.513375441230  -0.646577791798
  0.000000000000   0.702907030488  -0.711281734962
  0.081141851620   0.780204370710  -0.620239582613
 -0.358228793487   0.924304600611  -0.131655371352
 -0.301258879093   0.916244175191  -0.264082750659
  0.358228793487   0.924304600611  -0.131655371352
  0.220117027473   0.966392597402  -0.132792476828
 -0.082323580032   0.912982492932  -0.399607051702
  0.082323580032   0.912982492932  -0.399607051702
 -0.213022865649   0.571251659136  -0.792649229259
 -0.296004592578   0.647411893882  -0.702309846743
 -0.792649229259   0.213022865649  -0.571251659136
 -0.702309846743   0.296004592578  -0.647411893882
 -0.571251659136   0.792649229259  -0.213022865649
 -0.647411893882   0.702309846743  -0.296004592578
 -0.564254211766   0.513375441230  -0.646577791798
 -0.513375441230   0.646577791798  -0.564254211766
  0.131655371352   0.358228793487  -0.924304600611
  0.132792476828   0.220117027473  -0.966392597402
  0.711281734962   0.000000000000  -0.702907030488
  0.620239582613   0.081141851620  -0.780204370710
  0.131655371352  -0.358228793487  -0.924304600611
  0.264082750659  -0.301258879093  -0.916244175191
  0.399607051702   0.082323580032  -0.912982492932
  0.266404701135   0.000000000000  -0.963861263468
  0.000000000000  -0.702907030488  -0.711281734962
 -0.081141851620  -0.780204370710  -0.620239582613
  0.358228793487  -0.924304600611  -0.131655371352
  0.301258879093  -0.916244175191  -0.264082750659
 -0.358228793487  -0.924304600611  -0.131655371352
 -0.220117027473  -0.966392597402  -0.132792476828
  0.082323580032  -0.912982492932  -0.399607051702
 -0.082323580032  -0.912982492932  -0.399607051702
 -0.213022865649  -0.571251659136  -0.792649229259
 -0.346153014789  -0.516121620051  -0.783451698363
 -0.571251659136  -0.792649229259  -0.213022865649
 -0.516121620051  -0.783451698363  -0.346153014789
 -0.792649229259  -0.213022865649  -0.571251659136
 -0.783451698363  -0.346153014789  -0.516121620051
 -0.513375441230  -0.646577791798  -0.564254211766
 -0.564254211766  -0.513375441230  -0.646577791798
  0.213022865649  -0.571251659136  -0.792649229259
  0.296004592578  -0.647411893882  -0.702309846743
  0.792649229259  -0.213022865649  -0.571251659136
  0.702309846743  -0.296004592578  -0.647411893882
  0.571251659136  -0.792649229259  -0.213022865649
  0.647411893882  -0.702309846743  -0.296004592578
  0.564254211766  -0.513375441230  -0.646577791798
  0.513375441230  -0.646577791798  -0.564254211766
  0.213022865649  -0.571251659136   0.792649229259
  0.346153014789  -0.516121620051   0.783451698363
  0.571251659136  -0.792649229259   0.213022865649
  0.516121620051  -0.783451698363   0.346153014789
  0.792649229259  -0.213022865649   0.571251659136
  0.783451698363  -0.346153014789   0.516121620051
  0.513375441230  -0.646577791798   0.564254211766
  0.564254211766  -0.513375441230   0.646577791798
  0.000000000000  -0.702907030488   0.711281734962
  0.081141851620  -0.780204370710   0.620239582613
 -0.358228793487  -0.924304600611   0.131655371352
 -0.301258879093  -0.916244175191   0.264082750659
  0.358228793487  -0.924304600611   0.131655371352
  0.220117027473  -0.966392597402   0.132792476828
 -0.082323580032  -0.912982492932   0.399607051702
  0.082323580032  -0.912982492932   0.399607051702
 -0.213022865649  -0.571251659136   0.792649229259
 -0.296004592578  -0.647411893882   0.702309846743
 -0.792649229259  -0.213022865649   0.571251659136
 -0.702309846743  -0.296004592578   0.647411893882
 -0.571251659136  -0.792649229259   0.213022865649
 -0.647411893882  -0.702309846743   0.296004592578
 -0.564254211766  -0.513375441230   0.646577791798
 -0.513375441230  -0.646577791798   0.564254211766
  0.702907030488   0.711281734962   0.000000000000
  0.780204370710   0.620239582613  -0.081141851620
  0.924304600611   0.131655371352   0.358228793487
  0.916244175191   0.264082750659   0.301258879093
  0.924304600611   0.131655371352  -0.358228793487
  0.966392597402   0.132792476828  -0.220117027473
  0.912982492932   0.399607051702   0.082323580032
  0.912982492932   0.399607051702  -0.082323580032
  0.702907030488  -0.711281734962   0.000000000000
  0.780204370710  -0.620239582613   0.081141851620
  0.924304600611  -0.131655371352  -0.358228793487
  0.916244175191  -0.264082750659  -0.301258879093
  0.924304600611  -0.131655371352   0.358228793487
  0.966392597402  -0.132792476828   0.220117027473
  0.912982492932  -0.399607051702  -0.082323580032
  0.912982492932  -0.399607051702   0.082323580032
 -0.702907030488  -0.711281734962   0.000000000000
 -0.780204370710  -0.620239582613  -0.081141851620
 -0.924304600611  -0.131655371352   0.358228793487
 -0.916244175191  -0.264082750659   0.301258879093
 -0.924304600611  -0.131655371352  -0.358228793487
 -0.966392597402  -0.132792476828  -0.220117027473
 -0.912982492932  -0.399607051702   0.082323580032
 -0.912982492932  -0.399607051702  -0.082323580032
 -0.702907030488   0.711281734962   0.000000000000
 -0.780204370710   0.620239582613   0.081141851620
 -0.924304600611   0.131655371352  -0.358228793487
 -0.916244175191   0.264082750659  -0.301258879093
 -0.924304600611   0.131655371352   0.358228793487
 -0.966392597402   0.132792476828   0.220117027473
 -0.912982492932   0.399607051702  -0.082323580032
 -0.912982492932   0.399607051702   0.082323580032
  0.000000000000   0.630877334543   1.020780970022
  0.000000000000   0.630877334543  -1.020780970022
  0.000000000000  -0.630877334543  -1.020780970022
  0.000000000000  -0.630877334543   1.020780970022
  0.630877334543   1.020780970022   0.000000000000
  0.630877334543  -1.020780970022   0.000000000000
 -0.630877334543  -1.020780970022   0.000000000000
 -0.630877334543   1.020780970022   0.000000000000
  1.020780970022   0.000000000000   0.630877334543
 -1.020780970022   0.000000000000   0.630877334543
 -1.020780970022   0.000000000000  -0.630877334543
  1.020780970022   0.000000000000  -0.630877334543
  0.000000000000   0.000000000000   1.200000000000
  0.370820393250   0.970820393250   0.600000000000
 -0.370820393250   0.970820393250   0.600000000000
  0.600000000000   0.370820393250   0.970820393250
 -0.600000000000   0.370820393250   0.970820393250
  0.000000000000   0.000000000000  -1.200000000000
  0.370820393250   0.970820393250  -0.600000000000
 -0.370820393250   0.970820393250  -0.600000000000
 -0.600000000000   0.370820393250  -0.970820393250
  0.600000000000   0.370820393250  -0.970820393250
  0.370820393250  -0.970820393250  -0.600000000000
 -0.370820393250  -0.970820393250  -0.600000000000
  0.600000000000  -0.370820393250  -0.970820393250
  0.370820393250  -0.970820393250   0.600000000000
 -0.370820393250  -0.970820393250   0.600000000000
 -0.600000000000  -0.370820393250   0.970820393250
  0.970820393250   0.600000000000   0.370820393250
  0.970820393250  -0.600000000000  -0.370820393250
 -0.970820393250  -0.600000000000   0.370820393250
 -0.970820393250   0.600000000000  -0.370820393250
  0.600000000000  -0.370820393250   0.970820393250
  0.000000000000   1.200000000000   0.000000000000
 -0.970820393250   0.600000000000   0.370820393250
 -0.600000000000  -0.370820393250  -0.970820393250
  0.970820393250   0.600000000000  -0.370820393250
  0.000000000000  -1.200000000000   0.000000000000
 -0.970820393250  -0.600000000000  -0.370820393250
  0.970820393250  -0.600000000000   0.370820393250
  1.200000000000   0.000000000000   0.000000000000
 -1.200000000000   0.000000000000   0.000000000000
  0.000000000000   0.327919834696   1.154326029341
  0.311870295610  -0.520666277464   1.035202176499
  0.842455733731   0.192746442768   0.832536573072
  0.315438667272  -0.194951817739   1.141267819554
  0.192746442768   0.832536573072   0.842455733731
  0.327919834696   1.154326029341   0.000000000000
 -0.520666277464   1.035202176499   0.311870295610
  0.194951817739   1.141267819554   0.315438667272
 -0.192746442768   0.832536573072   0.842455733731
 -0.832536573072   0.842455733731   0.192746442768
 -0.842455733731   0.192746442768   0.832536573072
 -0.705342302750   0.825829152283   0.510390485011
  0.311870295610   0.520666277464   1.035202176499
  1.035202176499   0.311870295610   0.520666277464
  0.520666277464   1.035202176499   0.311870295610
  0.825829152283   0.510390485011   0.705342302750
 -0.311870295610   0.520666277464   1.035202176499
 -0.842455733731  -0.192746442768   0.832536573072
  0.000000000000  -0.327919834696   1.154326029341
 -0.630877334543   0.000000000000   1.020780970022
  0.000000000000   0.327919834696  -1.154326029341
 -0.311870295610  -0.520666277464  -1.035202176499
 -0.842455733731   0.192746442768  -0.832536573072
 -0.315438667272  -0.194951817739  -1.141267819554
  0.192746442768   0.832536573072  -0.842455733731
  0.832536573072   0.842455733731  -0.192746442768
  0.842455733731   0.192746442768  -0.832536573072
  0.705342302750   0.825829152283  -0.510390485011
 -0.192746442768   0.832536573072  -0.842455733731
 -0.327919834696   1.154326029341   0.000000000000
  0.520666277464   1.035202176499  -0.311870295610
 -0.194951817739   1.141267819554  -0.315438667272
 -0.311870295610   0.520666277464  -1.035202176499
 -1.035202176499   0.311870295610  -0.520666277464
 -0.520666277464   1.035202176499  -0.311870295610
 -0.825829152283   0.510390485011  -0.705342302750
  0.311870295610   0.520666277464  -1.035202176499
  0.842455733731  -0.192746442768  -0.832536573072
  0.000000000000  -0.327919834696  -1.154326029341
  0.630877334543   0.000000000000  -1.020780970022
  0.192746442768  -0.832536573072  -0.842455733731
  0.327919834696  -1.154326029341   0.000000000000
 -0.520666277464  -1.035202176499  -0.311870295610
  0.194951817739  -1.141267819554  -0.315438667272
 -0.192746442768  -0.832536573072  -0.842455733731
 -0.832536573072  -0.842455733731  -0.192746442768
 -0.842455733731  -0.192746442768  -0.832536573072
 -0.705342302750  -0.825829152283  -0.510390485011
  0.311870295610  -0.520666277464  -1.035202176499
  1.035202176499  -0.311870295610  -0.520666277464
  0.520666277464  -1.035202176499  -0.311870295610
  0.825829152283  -0.510390485011  -0.705342302750
  0.192746442768  -0.832536573072   0.842455733731
  0.832536573072  -0.842455733731   0.192746442768
  0.842455733731  -0.192746442768   0.832536573072
  0.705342302750  -0.825829152283   0.510390485011
 -0.192746442768  -0.832536573072   0.842455733731
 -0.327919834696  -1.154326029341   0.000000000000
  0.520666277464  -1.035202176499   0.311870295610
 -0.194951817739  -1.141267819554   0.315438667272
 -0.311870295610  -0.520666277464   1.035202176499
 -1.035202176499  -0.311870295610   0.520666277464
 -0.520666277464  -1.035202176499   0.311870295610
 -0.825829152283  -0.510390485011   0.705342302750
  0.832536573072   0.842455733731   0.192746442768
  1.154326029341   0.000000000000   0.327919834696
  1.035202176499   0.311870295610  -0.520666277464
  1.141267819554   0.315438667272   0.194951817739
  0.832536573072  -0.842455733731  -0.192746442768
  1.154326029341   0.000000000000  -0.327919834696
  1.035202176499  -0.311870295610   0.520666277464
  1.141267819554  -0.315438667272  -0.194951817739
 -0.832536573072  -0.842455733731   0.192746442768
 -1.154326029341   0.000000000000   0.327919834696
 -1.035202176499  -0.311870295610  -0.520666277464
 -1.141267819554  -0.315438667272   0.194951817739
 -0.832536573072   0.842455733731  -0.192746442768
 -1.154326029341   0.000000000000  -0.327919834696
 -1.035202176499   0.311870295610   0.520666277464
 -1.141267819554   0.315438667272  -0.194951817739
  0.315438667272   0.194951817739   1.141267819554
  0.630877334543   0.000000000000   1.020780970022
  0.000000000000   1.020780970022   0.630877334543
 -0.194951817739   1.141267819554   0.315438667272
 -0.510390485011   0.705342302750   0.825829152283
 -0.825829152283   0.510390485011   0.705342302750
  0.510390485011   0.705342302750   0.825829152283
  0.705342302750   0.825829152283   0.510390485011
 -0.315438667272   0.194951817739   1.141267819554
 -0.315438667272  -0.194951817739   1.141267819554
 -0.315438667272   0.194951817739  -1.141267819554
 -0.630877334543   0.000000000000  -1.020780970022
  0.510390485011   0.705342302750  -0.825829152283
  0.825829152283   0.510390485011  -0.705342302750
  0.000000000000   1.020780970022  -0.630877334543
  0.194951817739   1.141267819554  -0.315438667272
 -0.510390485011   0.705342302750  -0.825829152283
 -0.705342302750   0.825829152283  -0.510390485011
  0.315438667272   0.194951817739  -1.141267819554
  0.315438667272  -0.194951817739  -1.141267819554
  0.000000000000  -1.020780970022  -0.630877334543
 -0.194951817739  -1.141267819554  -0.315438667272
 -0.510390485011  -0.705342302750  -0.825829152283
 -0.825829152283  -0.510390485011  -0.705342302750
  0.510390485011  -0.705342302750  -0.825829152283
  0.705342302750  -0.825829152283  -0.510390485011
  0.510390485011  -0.705342302750   0.825829152283
  0.825829152283  -0.510390485011   0.705342302750
  0.000000000000  -1.020780970022   0.630877334543
  0.194951817739  -1.141267819554   0.315438667272
 -0.510390485011  -0.705342302750   0.825829152283
 -0.705342302750  -0.825829152283   0.510390485011
  1.020780970022   0.630877334543   0.000000000000
  1.141267819554   0.315438667272  -0.194951817739
  1.020780970022  -0.630877334543   0.000000000000
  1.141267819554  -0.315438667272   0.194951817739
 -1.020780970022  -0.630877334543   0.000000000000
 -1.141267819554  -0.315438667272  -0.194951817739
 -1.020780970022   0.630877334543   0.000000000000
 -1.141267819554   0.315438667272   0.194951817739
  0.000000000000   0.484026418340   1.098052105480
  0.159685324969   0.098690958335   1.185226008714
  0.460336479222   0.450046280974   1.012693769546
  0.159350972194   0.264140432968   1.159671116882
  0.157440454576  -0.581329970473   1.037915203036
  0.463424862706  -0.286412316384   1.069207829026
  0.000000000000  -0.165542690554   1.188526658348
  0.316899300791  -0.361510654912   1.099493010229
  0.940611650904   0.097303552132   0.738770425049
  0.623110187674   0.187721358048   1.008213462392
  0.728190179126  -0.284503590421   0.910382760196
  0.744287499136   0.097370221944   0.936245244852
  0.159685324969  -0.098690958335   1.185226008714
  0.623110187674  -0.187721358048   1.008213462392
  0.463424862706   0.286412316384   1.069207829026
  0.479528462042  -0.098788296038   1.095578991518
  0.097303552132   0.738770425049   0.940611650904
  0.187721358048   1.008213462392   0.623110187674
 -0.284503590421   0.910382760196   0.728190179126
  0.097370221944   0.936245244852   0.744287499136
  0.484026418340   1.098052105480   0.000000000000
  0.098690958335   1.185226008714   0.159685324969
  0.450046280974   1.012693769546   0.460336479222
  0.264140432968   1.159671116882   0.159350972194
 -0.581329970473   1.037915203036   0.157440454576
 -0.286412316384   1.069207829026   0.463424862706
 -0.165542690554   1.188526658348   0.000000000000
 -0.361510654912   1.099493010229   0.316899300791
  0.286412316384   1.069207829026   0.463424862706
 -0.098690958335   1.185226008714   0.159685324969
 -0.187721358048   1.008213462392   0.623110187674
  0.000000000000   1.156633516162   0.319685641362
 -0.097303552132   0.738770425049   0.940611650904
 -0.446097641352   0.848528137424   0.721801146010
 -0.460336479222   0.450046280974   1.012693769546
 -0.355205511094   0.776894272658   0.842771816092
 -0.738770425049   0.940611650904   0.097303552132
 -0.848528137424   0.721801146010   0.446097641352
 -0.450046280974   1.012693769546   0.460336479222
 -0.776894272658   0.842771816092   0.355205511094
 -0.940611650904   0.097303552132   0.738770425049
 -0.721801146010   0.446097641352   0.848528137424
 -1.012693769546   0.460336479222   0.450046280974
 -0.842771816092   0.355205511094   0.776894272658
 -0.544788599688   0.909522504058   0.562115821040
 -0.909522504058   0.562115821040   0.544788599688
 -0.562115821040   0.544788599688   0.909522504058
 -0.775893350158   0.677105054119   0.616050529476
  0.157440454576   0.581329970473   1.037915203036
  0.562115821040   0.544788599688   0.909522504058
  0.284503590421   0.910382760196   0.728190179126
  0.415383617747   0.619345944061   0.940142038036
  1.037915203036   0.157440454576   0.581329970473
  0.909522504058   0.562115821040   0.544788599688
  0.728190179126   0.284503590421   0.910382760196
  0.940142038036   0.415383617747   0.619345944061
  0.581329970473   1.037915203036   0.157440454576
  0.544788599688   0.909522504058   0.562115821040
  0.910382760196   0.728190179126   0.284503590421
  0.619345944061   0.940142038036   0.415383617747
  0.721801146010   0.446097641352   0.848528137424
  0.848528137424   0.721801146010   0.446097641352
  0.446097641352   0.848528137424   0.721801146010
  0.775893350158   0.677105054119   0.616050529476
 -0.157440454576   0.581329970473   1.037915203036
 -0.463424862706   0.286412316384   1.069207829026
  0.000000000000   0.165542690554   1.188526658348
 -0.316899300791   0.361510654912   1.099493010229
 -0.940611650904  -0.097303552132   0.738770425049
 -0.623110187674  -0.187721358048   1.008213462392
 -0.728190179126   0.284503590421   0.910382760196
 -0.744287499136  -0.097370221944   0.936245244852
  0.000000000000  -0.484026418340   1.098052105480
 -0.159685324969  -0.098690958335   1.185226008714
 -0.460336479222  -0.450046280974   1.012693769546
 -0.159350972194  -0.264140432968   1.159671116882
 -0.623110187674   0.187721358048   1.008213462392
 -0.463424862706  -0.286412316384   1.069207829026
 -0.159685324969   0.098690958335   1.185226008714
 -0.479528462042  -0.098788296038   1.095578991518
  0.000000000000   0.484026418340  -1.098052105480
 -0.159685324969   0.098690958335  -1.185226008714
 -0.460336479222   0.450046280974  -1.012693769546
 -0.159350972194   0.264140432968  -1.159671116882
 -0.157440454576  -0.581329970473  -1.037915203036
 -0.463424862706  -0.286412316384  -1.069207829026
  0.000000000000  -0.165542690554  -1.188526658348
 -0.316899300791  -0.361510654912  -1.099493010229
 -0.940611650904   0.097303552132  -0.738770425049
 -0.623110187674   0.187721358048  -1.008213462392
 -0.728190179126  -0.284503590421  -0.910382760196
 -0.744287499136   0.097370221944  -0.936245244852
 -0.159685324969  -0.098690958335  -1.185226008714
 -0.623110187674  -0.187721358048  -1.008213462392
 -0.463424862706   0.286412316384  -1.069207829026
 -0.479528462042  -0.098788296038  -1.095578991518
  0.097303552132   0.738770425049  -0.940611650904
  0.446097641352   0.848528137424  -0.721801146010
  0.460336479222   0.450046280974  -1.012693769546
  0.355205511094   0.776894272658  -0.842771816092
  0.738770425049   0.940611650904  -0.097303552132
  0.848528137424   0.721801146010  -0.446097641352
  0.450046280974   1.012693769546  -0.460336479222
  0.776894272658   0.842771816092  -0.355205511094
  0.940611650904   0.097303552132  -0.738770425049
  0.721801146010   0.446097641352  -0.848528137424
  1.012693769546   0.460336479222  -0.450046280974
  0.842771816092   0.355205511094  -0.776894272658
  0.544788599688   0.909522504058  -0.562115821040
  0.909522504058   0.562115821040  -0.544788599688
  0.562115821040   0.544788599688  -0.909522504058
  0.775893350158   0.677105054119  -0.616050529476
 -0.097303552132   0.738770425049  -0.940611650904
 -0.187721358048   1.008213462392  -0.623110187674
  0.284503590421   0.910382760196  -0.728190179126
 -0.097370221944   0.936245244852  -0.744287499136
 -0.484026418340   1.098052105480   0.000000000000
 -0.098690958335   1.185226008714  -0.159685324969
 -0.450046280974   1.012693769546  -0.460336479222
 -0.264140432968   1.159671116882  -0.159350972194
  0.581329970473   1.037915203036  -0.157440454576
  0.286412316384   1.069207829026  -0.463424862706
  0.165542690554   1.188526658348   0.000000000000
  0.361510654912   1.099493010229  -0.316899300791
 -0.286412316384   1.069207829026  -0.463424862706
  0.098690958335   1.185226008714  -0.159685324969
  0.187721358048   1.008213462392  -0.623110187674
  0.000000000000   1.156633516162  -0.319685641362
 -0.157440454576   0.581329970473  -1.037915203036
 -0.562115821040   0.544788599688  -0.909522504058
 -0.284503590421   0.910382760196  -0.728190179126
 -0.415383617747   0.619345944061  -0.940142038036
 -1.037915203036   0.157440454576  -0.581329970473
 -0.909522504058   0.562115821040  -0.544788599688
 -0.728190179126   0.284503590421  -0.910382760196
 -0.940142038036   0.415383617747  -0.619345944061
 -0.581329970473   1.037915203036  -0.157440454576
 -0.544788599688   0.909522504058  -0.562115821040
 -0.910382760196   0.728190179126  -0.284503590421
 -0.619345944061   0.940142038036  -0.415383617747
 -0.721801146010   0.446097641352  -0.848528137424
 -0.848528137424   0.721801146010  -0.446097641352
 -0.446097641352   0.848528137424  -0.721801146010
 -0.775893350158   0.677105054119  -0.616050529476
  0.157440454576   0.581329970473  -1.037915203036
  0.463424862706   0.286412316384  -1.069207829026
  0.000000000000   0.165542690554  -1.188526658348
  0.316899300791   0.361510654912  -1.099493010229
  0.940611650904  -0.097303552132  -0.738770425049
  0.623110187674  -0.187721358048  -1.008213462392
  0.728190179126   0.284503590421  -0.910382760196
  0.744287499136  -0.097370221944  -0.936245244852
  0.000000000000  -0.484026418340  -1.098052105480
  0.159685324969  -0.098690958335  -1.185226008714
  0.460336479222  -0.450046280974  -1.012693769546
  0.159350972194  -0.264140432968  -1.159671116882
  0.623110187674   0.187721358048  -1.008213462392
  0.463424862706  -0.286412316384  -1.069207829026
  0.159685324969   0.098690958335  -1.185226008714
  0.479528462042  -0.098788296038  -1.095578991518
  0.097303552132  -0.738770425049  -0.940611650904
  0.187721358048  -1.008213462392  -0.623110187674
 -0.284503590421  -0.910382760196  -0.728190179126
  0.097370221944  -0.936245244852  -0.744287499136
  0.484026418340  -1.098052105480   0.000000000000
  0.098690958335  -1.185226008714  -0.159685324969
  0.450046280974  -1.012693769546  -0.460336479222
  0.264140432968  -1.159671116882  -0.159350972194
 -0.581329970473  -1.037915203036  -0.157440454576
 -0.286412316384  -1.069207829026  -0.463424862706
 -0.165542690554  -1.188526658348   0.000000000000
 -0.361510654912  -1.099493010229  -0.316899300791
  0.286412316384  -1.069207829026  -0.463424862706
 -0.098690958335  -1.185226008714  -0.159685324969
 -0.187721358048  -1.008213462392  -0.623110187674
  0.000000000000  -1.156633516162  -0.319685641362
 -0.097303552132  -0.738770425049  -0.940611650904
 -0.446097641352  -0.848528137424  -0.721801146010
 -0.460336479222  -0.450046280974  -1.012693769546
 -0.355205511094  -0.776894272658  -0.842771816092
 -0.738770425049  -0.940611650904  -0.097303552132
 -0.848528137424  -0.721801146010  -0.446097641352
 -0.450046280974  -1.012693769546  -0.460336479222
 -0.776894272658  -0.842771816092  -0.355205511094
 -0.940611650904  -0.097303552132  -0.738770425049
 -0.721801146010  -0.446097641352  -0.848528137424
 -1.012693769546  -0.460336479222  -0.450046280974
 -0.842771816092  -0.355205511094  -0.776894272658
 -0.544788599688  -0.909522504058  -0.562115821040
 -0.909522504058  -0.562115821040  -0.544788599688
 -0.562115821040  -0.544788599688  -0.909522504058
 -0.775893350158  -0.677105054119  -0.616050529476
  0.157440454576  -0.581329970473  -1.037915203036
  0.562115821040  -0.544788599688  -0.909522504058
  0.284503590421  -0.910382760196  -0.728190179126
  0.415383617747  -0.619345944061  -0.940142038036
  1.037915203036  -0.157440454576  -0.581329970473
  0.909522504058  -0.562115821040  -0.544788599688
  0.728190179126  -0.284503590421  -0.910382760196
  0.940142038036  -0.415383617747  -0.619345944061
  0.581329970473  -1.037915203036  -0.157440454576
  0.544788599688  -0.909522504058  -0.562115821040
  0.910382760196  -0.728190179126  -0.284503590421
  0.619345944061  -0.940142038036  -0.415383617747
  0.721801146010  -0.446097641352  -0.848528137424
  0.848528137424  -0.721801146010  -0.446097641352
  0.446097641352  -0.848528137424  -0.721801146010
  0.775893350158  -0.677105054119  -0.616050529476
  0.097303552132  -0.738770425049   0.940611650904
  0.446097641352  -0.848528137424   0.721801146010
  0.460336479222  -0.450046280974   1.012693769546
  0.355205511094  -0.776894272658   0.842771816092
  0.738770425049  -0.940611650904   0.097303552132
  0.848528137424  -0.721801146010   0.446097641352
  0.450046280974  -1.012693769546   0.460336479222
  0.776894272658  -0.842771816092   0.355205511094
  0.940611650904  -0.097303552132   0.738770425049
  0.721801146010  -0.446097641352   0.848528137424
  1.012693769546  -0.460336479222   0.450046280974
  0.842771816092  -0.355205511094   0.776894272658
  0.544788599688  -0.909522504058   0.562115821040
  0.909522504058  -0.562115821040   0.544788599688
  0.562115821040  -0.544788599688   0.909522504058
  0.775893350158  -0.677105054119   0.616050529476
 -0.097303552132  -0.738770425049   0.940611650904
 -0.187721358048  -1.008213462392   0.623110187674
  0.284503590421  -0.910382760196   0.728190179126
 -0.097370221944  -0.936245244852   0.744287499136
 -0.484026418340  -1.098052105480   0.000000000000
 -0.098690958335  -1.185226008714   0.159685324969
 -0.450046280974  -1.012693769546   0.460336479222
 -0.264140432968  -1.159671116882   0.159350972194
  0.581329970473  -1.037915203036   0.157440454576
  0.286412316384  -1.069207829026   0.463424862706
  0.165542690554  -1.188526658348   0.000000000000
  0.361510654912  -1.099493010229   0.316899300791
 -0.286412316384  -1.069207829026   0.463424862706
  0.098690958335  -1.185226008714   0.159685324969
  0.187721358048  -1.008213462392   0.623110187674
  0.000000000000  -1.156633516162   0.319685641362
 -0.157440454576  -0.581329970473   1.037915203036
 -0.562115821040  -0.544788599688   0.909522504058
 -0.284503590421  -0.910382760196   0.728190179126
 -0.415383617747  -0.619345944061   0.940142038036
 -1.037915203036  -0.157440454576   0.581329970473
 -0.909522504058  -0.562115821040   0.544788599688
 -0.728190179126  -0.284503590421   0.910382760196
 -0.940142038036  -0.415383617747   0.619345944061
 -0.581329970473  -1.037915203036   0.157440454576
 -0.544788599688  -0.909522504058   0.562115821040
 -0.910382760196  -0.728190179126   0.284503590421
 -0.619345944061  -0.940142038036   0.415383617747
 -0.721801146010  -0.446097641352   0.848528137424
 -0.848528137424  -0.721801146010   0.446097641352
 -0.446097641352  -0.848528137424   0.721801146010
 -0.775893350158  -0.677105054119   0.616050529476
  0.738770425049   0.940611650904   0.097303552132
  1.008213462392   0.623110187674   0.187721358048
  0.910382760196   0.728190179126  -0.284503590421
  0.936245244852   0.744287499136   0.097370221944
  1.098052105480   0.000000000000   0.484026418340
  1.185226008714   0.159685324969   0.098690958335
  1.012693769546   0.460336479222   0.450046280974
  1.159671116882   0.159350972194   0.264140432968
  1.037915203036   0.157440454576  -0.581329970473
  1.069207829026   0.463424862706  -0.286412316384
  1.188526658348   0.000000000000  -0.165542690554
  1.099493010229   0.316899300791  -0.361510654912
  1.069207829026   0.463424862706   0.286412316384
  1.185226008714   0.159685324969  -0.098690958335
  1.008213462392   0.623110187674  -0.187721358048
  1.156633516162   0.319685641362   0.000000000000
  0.738770425049  -0.940611650904  -0.097303552132
  1.008213462392  -0.623110187674  -0.187721358048
  0.910382760196  -0.728190179126   0.284503590421
  0.936245244852  -0.744287499136  -0.097370221944
  1.098052105480   0.000000000000  -0.484026418340
  1.185226008714  -0.159685324969  -0.098690958335
  1.012693769546  -0.460336479222  -0.450046280974
  1.159671116882  -0.159350972194  -0.264140432968
  1.037915203036  -0.157440454576   0.581329970473
  1.069207829026  -0.463424862706   0.286412316384
  1.188526658348   0.000000000000   0.165542690554
  1.099493010229  -0.316899300791   0.361510654912
  1.069207829026  -0.463424862706  -0.286412316384
  1.185226008714  -0.159685324969   0.098690958335
  1.008213462392  -0.623110187674   0.187721358048
  1.156633516162  -0.319685641362   0.000000000000
 -0.738770425049  -0.940611650904   0.097303552132
 -1.008213462392  -0.623110187674   0.187721358048
 -0.910382760196  -0.728190179126  -0.284503590421
 -0.936245244852  -0.744287499136   0.097370221944
 -1.098052105480   0.000000000000   0.484026418340
 -1.185226008714  -0.159685324969   0.098690958335
 -1.012693769546  -0.460336479222   0.450046280974
 -1.159671116882  -0.159350972194   0.264140432968
 -1.037915203036  -0.157440454576  -0.581329970473
 -1.069207829026  -0.463424862706  -0.286412316384
 -1.188526658348   0.000000000000  -0.165542690554
 -1.099493010229  -0.316899300791  -0.361510654912
 -1.069207829026  -0.463424862706   0.286412316384
 -1.185226008714  -0.159685324969  -0.098690958335
 -1.008213462392  -0.623110187674  -0.187721358048
 -1.156633516162  -0.319685641362   0.000000000000
 -0.738770425049   0.940611650904  -0.097303552132
 -1.008213462392   0.623110187674  -0.187721358048
 -0.910382760196   0.728190179126   0.284503590421
 -0.936245244852   0.744287499136  -0.097370221944
 -1.098052105480   0.000000000000  -0.484026418340
 -1.185226008714   0.159685324969  -0.098690958335
 -1.012693769546   0.460336479222  -0.450046280974
 -1.159671116882   0.159350972194  -0.264140432968
 -1.037915203036   0.157440454576   0.581329970473
 -1.069207829026   0.463424862706   0.286412316384
 -1.188526658348   0.000000000000   0.165542690554
 -1.099493010229   0.316899300791   0.361510654912
 -1.069207829026   0.463424862706  -0.286412316384
 -1.185226008714   0.159685324969   0.098690958335
 -1.008213462392   0.623110187674   0.187721358048
 -1.156633516162   0.319685641362   0.000000000000
  0.157986445622   0.429874552184   1.109165520733
  0.316899300791   0.361510654912   1.099493010229
  0.157986445622  -0.429874552184   1.109165520733
  0.159350972194  -0.264140432968   1.159671116882
  0.853538081954   0.000000000000   0.843488436586
  0.744287499136  -0.097370221944   0.936245244852
  0.319685641362   0.000000000000   1.156633516162
  0.479528462042   0.098788296038   1.095578991518
  0.000000000000   0.843488436586   0.853538081954
 -0.097370221944   0.936245244852   0.744287499136
  0.429874552184   1.109165520733   0.157986445622
  0.361510654912   1.099493010229   0.316899300791
 -0.429874552184   1.109165520733   0.157986445622
 -0.264140432968   1.159671116882   0.159350972194
  0.098788296038   1.095578991518   0.479528462042
 -0.098788296038   1.095578991518   0.479528462042
 -0.255627438779   0.685501990963   0.951179075111
 -0.415383617747   0.619345944061   0.940142038036
 -0.685501990963   0.951179075111   0.255627438779
 -0.619345944061   0.940142038036   0.415383617747
 -0.951179075111   0.255627438779   0.685501990963
 -0.940142038036   0.415383617747   0.619345944061
 -0.616050529476   0.775893350158   0.677105054119
 -0.677105054119   0.616050529476   0.775893350158
  0.255627438779   0.685501990963   0.951179075111
  0.355205511094   0.776894272658   0.842771816092
  0.951179075111   0.255627438779   0.685501990963
  0.842771816092   0.355205511094   0.776894272658
  0.685501990963   0.951179075111   0.255627438779
  0.776894272658   0.842771816092   0.355205511094
  0.677105054119   0.616050529476   0.775893350158
  0.616050529476   0.775893350158   0.677105054119
 -0.157986445622   0.429874552184   1.109165520733
 -0.159350972194   0.264140432968   1.159671116882
 -0.853538081954   0.000000000000   0.843488436586
 -0.744287499136   0.097370221944   0.936245244852
 -0.157986445622  -0.429874552184   1.109165520733
 -0.316899300791  -0.361510654912   1.099493010229
 -0.479528462042   0.098788296038   1.095578991518
 -0.319685641362   0.000000000000   1.156633516162
 -0.157986445622   0.429874552184  -1.109165520733
 -0.316899300791   0.361510654912  -1.099493010229
 -0.157986445622  -0.429874552184  -1.109165520733
 -0.159350972194  -0.264140432968  -1.159671116882
 -0.853538081954   0.000000000000  -0.843488436586
 -0.744287499136  -0.097370221944  -0.936245244852
 -0.319685641362   0.000000000000  -1.156633516162
 -0.479528462042   0.098788296038  -1.095578991518
  0.255627438779   0.685501990963  -0.951179075111
  0.415383617747   0.619345944061  -0.940142038036
  0.685501990963   0.951179075111  -0.255627438779
  0.619345944061   0.940142038036  -0.415383617747
  0.951179075111   0.255627438779  -0.685501990963
  0.940142038036   0.415383617747  -0.619345944061
  0.616050529476   0.775893350158  -0.677105054119
  0.677105054119   0.616050529476  -0.775893350158
  0.000000000000   0.843488436586  -0.853538081954
  0.097370221944   0.936245244852  -0.744287499136
 -0.429874552184   1.109165520733  -0.157986445622
 -0.361510654912   1.099493010229  -0.316899300791
  0.429874552184   1.109165520733  -0.157986445622
  0.264140432968   1.159671116882  -0.159350972194
 -0.098788296038   1.095578991518  -0.479528462042
  0.098788296038   1.095578991518  -0.479528462042
 -0.255627438779   0.685501990963  -0.951179075111
 -0.355205511094   0.776894272658  -0.842771816092
 -0.951179075111   0.255627438779  -0.685501990963
 -0.842771816092   0.355205511094  -0.776894272658
 -0.685501990963   0.951179075111  -0.255627438779
 -0.776894272658   0.842771816092  -0.355205511094
 -0.677105054119   0.616050529476  -0.775893350158
 -0.616050529476   0.775893350158  -0.677105054119
  0.157986445622   0.429874552184  -1.109165520733
  0.159350972194   0.264140432968  -1.159671116882
  0.853538081954   0.000000000000  -0.843488436586
  0.744287499136   0.097370221944  -0.936245244852
  0.157986445622  -0.429874552184  -1.109165520733
  0.316899300791  -0.361510654912  -1.099493010229
  0.479528462042   0.098788296038  -1.095578991518
  0.319685641362   0.000000000000  -1.156633516162
  0.000000000000  -0.843488436586  -0.853538081954
 -0.097370221944  -0.936245244852  -0.744287499136
  0.429874552184  -1.109165520733  -0.157986445622
  0.361510654912  -1.099493010229  -0.316899300791
 -0.429874552184  -1.109165520733  -0.157986445622
 -0.264140432968  -1.159671116882  -0.159350972194
  0.098788296038  -1.095578991518  -0.479528462042
 -0.098788296038  -1.095578991518  -0.479528462042
 -0.255627438779  -0.685501990963  -0.951179075111
 -0.415383617747  -0.619345944061  -0.940142038036
 -0.685501990963  -0.951179075111  -0.255627438779
 -0.619345944061  -0.940142038036  -0.415383617747
 -0.951179075111  -0.255627438779  -0.685501990963
 -0.940142038036  -0.415383617747  -0.619345944061
 -0.616050529476  -0.775893350158  -0.677105054119
 -0.677105054119  -0.616050529476  -0.775893350158
  0.255627438779  -0.685501990963  -0.951179075111
  0.355205511094  -0.776894272658  -0.842771816092
  0.951179075111  -0.255627438779  -0.685501990963
  0.842771816092  -0.355205511094  -0.776894272658
  0.685501990963  -0.951179075111  -0.255627438779
  0.776894272658  -0.842771816092  -0.355205511094
  0.677105054119  -0.616050529476  -0.775893350158
  0.616050529476  -0.775893350158  -0.677105054119
  0.255627438779  -0.685501990963   0.951179075111
  0.415383617747  -0.619345944061   0.940142038036
  0.685501990963  -0.951179075111   0.255627438779
  0.619345944061  -0.940142038036   0.415383617747
  0.951179075111  -0.255627438779   0.685501990963
  0.940142038036  -0.415383617747   0.619345944061
  0.616050529476  -0.775893350158   0.677105054119
  0.677105054119  -0.616050529476   0.775893350158
  0.000000000000  -0.843488436586   0.853538081954
  0.097370221944  -0.936245244852   0.744287499136
 -0.429874552184  -1.109165520733   0.157986445622
 -0.361510654912  -1.099493010229   0.316899300791
  0.429874552184  -1.109165520733   0.157986445622
  0.264140432968  -1.159671116882   0.159350972194
 -0.098788296038  -1.095578991518   0.479528462042
  0.098788296038  -1.095578991518   0.479528462042
 -0.255627438779  -0.685501990963   0.951179075111
 -0.355205511094  -0.776894272658   0.842771816092
 -0.951179075111  -0.255627438779   0.685501990963
 -0.842771816092  -0.355205511094   0.776894272658
 -0.685501990963  -0.951179075111   0.255627438779
 -0.776894272658  -0.842771816092   0.355205511094
 -0.677105054119  -0.616050529476   0.775893350158
 -0.616050529476  -0.775893350158   0.677105054119
  0.843488436586   0.853538081954   0.000000000000
  0.936245244852   0.744287499136  -0.097370221944
  1.109165520733   0.157986445622   0.429874552184
  1.099493010229   0.316899300791   0.361510654912
  1.109165520733   0.157986445622  -0.429874552184
  1.159671116882   0.159350972194  -0.264140432968
  1.095578991518   0.479528462042   0.098788296038
  1.095578991518   0.479528462042  -0.098788296038
  0.843488436586  -0.853538081954   0.000000000000
  0.936245244852  -0.744287499136   0.097370221944
  1.109165520733  -0.157986445622  -0.429874552184
  1.099493010229  -0.316899300791  -0.361510654912
  1.109165520733  -0.157986445622   0.429874552184
  1.159671116882  -0.159350972194   0.264140432968
  1.095578991518  -0.479528462042  -0.098788296038
  1.095578991518  -0.479528462042   0.098788296038
 -0.843488436586  -0.853538081954   0.000000000000
 -0.936245244852  -0.744287499136  -0.097370221944
 -1.109165520733  -0.157986445622   0.429874552184
 -1.099493010229  -0.316899300791   0.361510654912
 -1.109165520733  -0.157986445622  -0.429874552184
 -1.159671116882  -0.159350972194  -0.264140432968
 -1.095578991518  -0.479528462042   0.098788296038
 -1.095578991518  -0.479528462042  -0.098788296038
 -0.843488436586   0.853538081954   0.000000000000
 -0.936245244852   0.744287499136   0.097370221944
 -1.109165520733   0.157986445622  -0.429874552184
 -1.099493010229   0.316899300791  -0.361510654912
 -1.109165520733   0.157986445622   0.429874552184
 -1.159671116882   0.159350972194   0.264140432968
 -1.095578991518   0.479528462042  -0.098788296038
 -1.095578991518   0.479528462042   0.098788296038
