&vertexinfo nvertex = 84, ndimension = 3, &end
  0.000000000000   0.525731112119   0.850650808352
  0.000000000000   0.525731112119  -0.850650808352
  0.000000000000  -0.525731112119  -0.850650808352
  0.000000000000  -0.525731112119   0.850650808352
  0.525731112119   0.850650808352   0.000000000000
  0.525731112119  -0.850650808352   0.000000000000
 -0.525731112119  -0.850650808352   0.000000000000
 -0.525731112119   0.850650808352   0.000000000000
  0.850650808352   0.000000000000   0.525731112119
 -0.850650808352   0.000000000000   0.525731112119
 -0.850650808352   0.000000000000  -0.525731112119
  0.850650808352   0.000000000000  -0.525731112119
  0.000000000000   0.000000000000   1.000000000000
  0.309016994375   0.809016994375   0.500000000000
 -0.309016994375   0.809016994375   0.500000000000
  0.500000000000   0.309016994375   0.809016994375
 -0.500000000000   0.309016994375   0.809016994375
  0.000000000000   0.000000000000  -1.000000000000
  0.309016994375   0.809016994375  -0.500000000000
 -0.309016994375   0.809016994375  -0.500000000000
 -0.500000000000   0.309016994375  -0.809016994375
  0.500000000000   0.309016994375  -0.809016994375
  0.309016994375  -0.809016994375  -0.500000000000
 -0.309016994375  -0.809016994375  -0.500000000000
  0.500000000000  -0.309016994375  -0.809016994375
  0.309016994375  -0.809016994375   0.500000000000
 -0.309016994375  -0.809016994375   0.500000000000
 -0.500000000000  -0.309016994375   0.809016994375
  0.809016994375   0.500000000000   0.309016994375
  0.809016994375  -0.500000000000  -0.309016994375
 -0.809016994375  -0.500000000000   0.309016994375
 -0.809016994375   0.500000000000  -0.309016994375
  0.500000000000  -0.309016994375   0.809016994375
  0.000000000000   1.000000000000   0.000000000000
 -0.809016994375   0.500000000000   0.309016994375
 -0.500000000000  -0.309016994375  -0.809016994375
  0.809016994375   0.500000000000  -0.309016994375
  0.000000000000  -1.000000000000   0.000000000000
 -0.809016994375  -0.500000000000  -0.309016994375
  0.809016994375  -0.500000000000   0.309016994375
  1.000000000000   0.000000000000   0.000000000000
 -1.000000000000   0.000000000000   0.000000000000
  0.000000000000   0.630877334543   1.020780970022
  0.000000000000   0.630877334543  -1.020780970022
  0.000000000000  -0.630877334543  -1.020780970022
  0.000000000000  -0.630877334543   1.020780970022
  0.630877334543   1.020780970022   0.000000000000
  0.630877334543  -1.020780970022   0.000000000000
 -0.630877334543  -1.020780970022   0.000000000000
 -0.630877334543   1.020780970022   0.000000000000
  1.020780970022   0.000000000000   0.630877334543
 -1.020780970022   0.000000000000   0.630877334543
 -1.020780970022   0.000000000000  -0.630877334543
  1.020780970022   0.000000000000  -0.630877334543
  0.000000000000   0.000000000000   1.200000000000
  0.370820393250   0.970820393250   0.600000000000
 -0.370820393250   0.970820393250   0.600000000000
  0.600000000000   0.370820393250   0.970820393250
 -0.600000000000   0.370820393250   0.970820393250
  0.000000000000   0.000000000000  -1.200000000000
  0.370820393250   0.970820393250  -0.600000000000
 -0.370820393250   0.970820393250  -0.600000000000
 -0.600000000000   0.370820393250  -0.970820393250
  0.600000000000   0.370820393250  -0.970820393250
  0.370820393250  -0.970820393250  -0.600000000000
 -0.370820393250  -0.970820393250  -0.600000000000
  0.600000000000  -0.370820393250  -0.970820393250
  0.370820393250  -0.970820393250   0.600000000000
 -0.370820393250  -0.970820393250   0.600000000000
 -0.600000000000  -0.370820393250   0.970820393250
  0.970820393250   0.600000000000   0.370820393250
  0.970820393250  -0.600000000000  -0.370820393250
 -0.970820393250  -0.600000000000   0.370820393250
 -0.970820393250   0.600000000000  -0.370820393250
  0.600000000000  -0.370820393250   0.970820393250
  0.000000000000   1.200000000000   0.000000000000
 -0.970820393250   0.600000000000   0.370820393250
 -0.600000000000  -0.370820393250  -0.970820393250
  0.970820393250   0.600000000000  -0.370820393250
  0.000000000000  -1.200000000000   0.000000000000
 -0.970820393250  -0.600000000000  -0.370820393250
  0.970820393250  -0.600000000000   0.370820393250
  1.200000000000   0.000000000000   0.000000000000
 -1.200000000000   0.000000000000   0.000000000000
