&vertexinfo nvertex =    162, ndimension =      3, &end
  0.000000000000   0.525731112119   0.850650808352
  0.000000000000   0.525731112119  -0.850650808352
  0.000000000000  -0.525731112119  -0.850650808352
  0.000000000000  -0.525731112119   0.850650808352
  0.525731112119   0.850650808352   0.000000000000
  0.525731112119  -0.850650808352   0.000000000000
 -0.525731112119  -0.850650808352   0.000000000000
 -0.525731112119   0.850650808352   0.000000000000
  0.850650808352   0.000000000000   0.525731112119
 -0.850650808352   0.000000000000   0.525731112119
 -0.850650808352   0.000000000000  -0.525731112119
  0.850650808352   0.000000000000  -0.525731112119
  0.000000000000   0.000000000000   1.000000000000
  0.309016994375   0.809016994375   0.500000000000
 -0.309016994375   0.809016994375   0.500000000000
  0.500000000000   0.309016994375   0.809016994375
 -0.500000000000   0.309016994375   0.809016994375
  0.000000000000   0.000000000000  -1.000000000000
  0.309016994375   0.809016994375  -0.500000000000
 -0.309016994375   0.809016994375  -0.500000000000
 -0.500000000000   0.309016994375  -0.809016994375
  0.500000000000   0.309016994375  -0.809016994375
  0.309016994375  -0.809016994375  -0.500000000000
 -0.309016994375  -0.809016994375  -0.500000000000
  0.500000000000  -0.309016994375  -0.809016994375
  0.309016994375  -0.809016994375   0.500000000000
 -0.309016994375  -0.809016994375   0.500000000000
 -0.500000000000  -0.309016994375   0.809016994375
  0.809016994375   0.500000000000   0.309016994375
  0.809016994375  -0.500000000000  -0.309016994375
 -0.809016994375  -0.500000000000   0.309016994375
 -0.809016994375   0.500000000000  -0.309016994375
  0.500000000000  -0.309016994375   0.809016994375
  0.000000000000   1.000000000000   0.000000000000
 -0.809016994375   0.500000000000   0.309016994375
 -0.500000000000  -0.309016994375  -0.809016994375
  0.809016994375   0.500000000000  -0.309016994375
  0.000000000000  -1.000000000000   0.000000000000
 -0.809016994375  -0.500000000000  -0.309016994375
  0.809016994375  -0.500000000000   0.309016994375
  1.000000000000   0.000000000000   0.000000000000
 -1.000000000000   0.000000000000   0.000000000000
  0.000000000000   0.273266528913   0.961938357784
  0.259891913008  -0.433888564553   0.862668480416
  0.702046444776   0.160622035640   0.693780477560
  0.262865556060  -0.162459848116   0.951056516295
  0.160622035640   0.693780477560   0.702046444776
  0.273266528913   0.961938357784   0.000000000000
 -0.433888564553   0.862668480416   0.259891913008
  0.162459848116   0.951056516295   0.262865556060
 -0.160622035640   0.693780477560   0.702046444776
 -0.693780477560   0.702046444776   0.160622035640
 -0.702046444776   0.160622035640   0.693780477560
 -0.587785252292   0.688190960236   0.425325404176
  0.259891913008   0.433888564553   0.862668480416
  0.862668480416   0.259891913008   0.433888564553
  0.433888564553   0.862668480416   0.259891913008
  0.688190960236   0.425325404176   0.587785252292
 -0.259891913008   0.433888564553   0.862668480416
 -0.702046444776  -0.160622035640   0.693780477560
  0.000000000000  -0.273266528913   0.961938357784
 -0.525731112119   0.000000000000   0.850650808352
  0.000000000000   0.273266528913  -0.961938357784
 -0.259891913008  -0.433888564553  -0.862668480416
 -0.702046444776   0.160622035640  -0.693780477560
 -0.262865556060  -0.162459848116  -0.951056516295
  0.160622035640   0.693780477560  -0.702046444776
  0.693780477560   0.702046444776  -0.160622035640
  0.702046444776   0.160622035640  -0.693780477560
  0.587785252292   0.688190960236  -0.425325404176
 -0.160622035640   0.693780477560  -0.702046444776
 -0.273266528913   0.961938357784   0.000000000000
  0.433888564553   0.862668480416  -0.259891913008
 -0.162459848116   0.951056516295  -0.262865556060
 -0.259891913008   0.433888564553  -0.862668480416
 -0.862668480416   0.259891913008  -0.433888564553
 -0.433888564553   0.862668480416  -0.259891913008
 -0.688190960236   0.425325404176  -0.587785252292
  0.259891913008   0.433888564553  -0.862668480416
  0.702046444776  -0.160622035640  -0.693780477560
  0.000000000000  -0.273266528913  -0.961938357784
  0.525731112119   0.000000000000  -0.850650808352
  0.160622035640  -0.693780477560  -0.702046444776
  0.273266528913  -0.961938357784   0.000000000000
 -0.433888564553  -0.862668480416  -0.259891913008
  0.162459848116  -0.951056516295  -0.262865556060
 -0.160622035640  -0.693780477560  -0.702046444776
 -0.693780477560  -0.702046444776  -0.160622035640
 -0.702046444776  -0.160622035640  -0.693780477560
 -0.587785252292  -0.688190960236  -0.425325404176
  0.259891913008  -0.433888564553  -0.862668480416
  0.862668480416  -0.259891913008  -0.433888564553
  0.433888564553  -0.862668480416  -0.259891913008
  0.688190960236  -0.425325404176  -0.587785252292
  0.160622035640  -0.693780477560   0.702046444776
  0.693780477560  -0.702046444776   0.160622035640
  0.702046444776  -0.160622035640   0.693780477560
  0.587785252292  -0.688190960236   0.425325404176
 -0.160622035640  -0.693780477560   0.702046444776
 -0.273266528913  -0.961938357784   0.000000000000
  0.433888564553  -0.862668480416   0.259891913008
 -0.162459848116  -0.951056516295   0.262865556060
 -0.259891913008  -0.433888564553   0.862668480416
 -0.862668480416  -0.259891913008   0.433888564553
 -0.433888564553  -0.862668480416   0.259891913008
 -0.688190960236  -0.425325404176   0.587785252292
  0.693780477560   0.702046444776   0.160622035640
  0.961938357784   0.000000000000   0.273266528913
  0.862668480416   0.259891913008  -0.433888564553
  0.951056516295   0.262865556060   0.162459848116
  0.693780477560  -0.702046444776  -0.160622035640
  0.961938357784   0.000000000000  -0.273266528913
  0.862668480416  -0.259891913008   0.433888564553
  0.951056516295  -0.262865556060  -0.162459848116
 -0.693780477560  -0.702046444776   0.160622035640
 -0.961938357784   0.000000000000   0.273266528913
 -0.862668480416  -0.259891913008  -0.433888564553
 -0.951056516295  -0.262865556060   0.162459848116
 -0.693780477560   0.702046444776  -0.160622035640
 -0.961938357784   0.000000000000  -0.273266528913
 -0.862668480416   0.259891913008   0.433888564553
 -0.951056516295   0.262865556060  -0.162459848116
  0.262865556060   0.162459848116   0.951056516295
  0.525731112119   0.000000000000   0.850650808352
  0.000000000000   0.850650808352   0.525731112119
 -0.162459848116   0.951056516295   0.262865556060
 -0.425325404176   0.587785252292   0.688190960236
 -0.688190960236   0.425325404176   0.587785252292
  0.425325404176   0.587785252292   0.688190960236
  0.587785252292   0.688190960236   0.425325404176
 -0.262865556060   0.162459848116   0.951056516295
 -0.262865556060  -0.162459848116   0.951056516295
 -0.262865556060   0.162459848116  -0.951056516295
 -0.525731112119   0.000000000000  -0.850650808352
  0.425325404176   0.587785252292  -0.688190960236
  0.688190960236   0.425325404176  -0.587785252292
  0.000000000000   0.850650808352  -0.525731112119
  0.162459848116   0.951056516295  -0.262865556060
 -0.425325404176   0.587785252292  -0.688190960236
 -0.587785252292   0.688190960236  -0.425325404176
  0.262865556060   0.162459848116  -0.951056516295
  0.262865556060  -0.162459848116  -0.951056516295
  0.000000000000  -0.850650808352  -0.525731112119
 -0.162459848116  -0.951056516295  -0.262865556060
 -0.425325404176  -0.587785252292  -0.688190960236
 -0.688190960236  -0.425325404176  -0.587785252292
  0.425325404176  -0.587785252292  -0.688190960236
  0.587785252292  -0.688190960236  -0.425325404176
  0.425325404176  -0.587785252292   0.688190960236
  0.688190960236  -0.425325404176   0.587785252292
  0.000000000000  -0.850650808352   0.525731112119
  0.162459848116  -0.951056516295   0.262865556060
 -0.425325404176  -0.587785252292   0.688190960236
 -0.587785252292  -0.688190960236   0.425325404176
  0.850650808352   0.525731112119   0.000000000000
  0.951056516295   0.262865556060  -0.162459848116
  0.850650808352  -0.525731112119   0.000000000000
  0.951056516295  -0.262865556060   0.162459848116
 -0.850650808352  -0.525731112119   0.000000000000
 -0.951056516295  -0.262865556060  -0.162459848116
 -0.850650808352   0.525731112119   0.000000000000
 -0.951056516295   0.262865556060   0.162459848116
